#idx, dt(s),dx(m),dy(m),dtheta(m)
0, 14, 1.946322, 0.000000, 0.074867
1, 15, 0.211522, 0.000000, 0.163623
2, 16, 0.196874, 0.000000, 0.041029
3, 17, 0.201023, 0.000000, 0.016713
4, 18, 0.223151, 0.000000, 0.048835
5, 19, 0.207263, 0.000000, 0.057289
6, 20, 0.210454, 0.000000, 0.018040
7, 21, 0.235718, 0.000000, 0.020868
8, 22, 0.218033, 0.000000, 0.032922
9, 23, 0.245195, 0.000000, 0.065936
10, 24, 0.228648, 0.000000, 0.069425
11, 25, 0.234921, 0.000000, 0.041842
12, 26, 0.267971, 0.000000, 0.035442
13, 27, 0.251401, 0.000000, 0.032582
14, 28, 0.261700, 0.000000, 0.062524
15, 29, 0.297299, 0.000000, 0.070166
16, 30, 0.280899, 0.000000, 0.059987
17, 31, 0.289729, 0.000000, 0.054898
18, 32, 0.331368, 0.000000, 0.066685
19, 33, 0.315456, 0.000000, 0.063856
20, 34, 0.362935, 0.000000, 0.062200
21, 35, 0.343806, 0.000000, 0.056978
22, 36, 0.356416, 0.000000, 0.041602
23, 37, 0.408345, 0.000000, 0.064434
24, 38, 0.386730, 0.000000, 0.063321
25, 39, 0.445001, 0.000000, 0.051438
26, 40, 0.420552, 0.000000, 0.039988
27, 41, 0.436351, 0.000000, 0.034766
28, 42, 0.495397, 0.000000, 0.026916
29, 43, 0.467679, 0.000000, 0.038491
30, 44, 0.533635, 0.000000, 0.028117
31, 45, 0.502820, 0.000000, 0.017363
32, 46, 0.517997, 0.000000, 0.016025
33, 47, 0.585332, 0.000000, 0.012966
34, 48, 0.548831, 0.000000, 0.013377
35, 49, 0.620817, 0.000000, 0.001353
36, 50, 0.581635, 0.000000, 0.003086
37, 51, 0.657038, 0.000000, 0.004803
38, 52, 0.613317, 0.000000, 0.000389
39, 53, 0.625836, 0.000000, -0.000126
40, 54, 0.704940, 0.000000, 0.000930
41, 55, 0.655987, 0.000000, -0.005637
42, 56, 0.739574, 0.000000, -0.002051
43, 57, 0.686872, 0.000000, -0.000427
44, 58, 0.770974, 0.000000, -0.003128
45, 59, 0.714359, 0.000000, -0.002226
46, 60, 0.726986, 0.000000, -0.001156
47, 61, 0.813849, 0.000000, -0.001829
48, 62, 0.754684, 0.000000, -0.006929
49, 63, 0.837500, 0.000000, -0.001038
50, 64, 0.770180, 0.000000, 0.001122
51, 65, 0.775056, 0.000000, -0.000705
52, 66, 0.860566, 0.000000, -0.003385
53, 67, 0.792649, 0.000000, -0.002696
54, 68, 0.880673, 0.000000, 0.000468
55, 69, 0.807842, 0.000000, 0.005178
56, 70, 0.811754, 0.000000, 0.000953
57, 71, 0.894799, 0.000000, 0.004037
58, 72, 0.813553, 0.000000, 0.001818
59, 73, 0.893894, 0.000000, -0.000909
60, 74, 0.811121, 0.000000, -0.001684
61, 75, 0.811826, 0.000000, 0.000668
62, 76, 0.891548, 0.000000, -0.000168
63, 77, 0.810561, 0.000000, 0.002055
64, 78, 0.887689, 0.000000, -0.001751
65, 79, 0.806838, 0.000000, -0.002428
66, 80, 0.806796, 0.000000, -0.000573
67, 81, 0.888002, 0.000000, -0.001641
68, 82, 0.807179, 0.000000, -0.000293
69, 83, 0.888341, 0.000000, 0.000458
70, 84, 0.805052, 0.000000, -0.001082
71, 85, 0.803676, 0.000000, -0.000658
72, 86, 0.882685, 0.000000, 0.001091
73, 87, 0.800690, 0.000000, 0.001209
74, 88, 0.880995, 0.000000, 0.002513
75, 89, 0.799699, 0.000000, -0.000816
76, 90, 0.797730, 0.000000, -0.003762
77, 91, 0.874626, 0.000000, -0.003239
78, 92, 0.793565, 0.000000, 0.003032
79, 93, 0.871130, 0.000000, 0.000768
80, 94, 0.790017, 0.000000, 0.001246
81, 95, 0.786465, 0.000000, 0.000364
82, 97, 1.636785, 0.000000, 0.006344
83, 98, 0.773926, 0.000000, 0.006730
84, 99, 0.847020, 0.000000, 0.003684
85, 100, 0.768327, 0.000000, -0.000797
86, 102, 1.601077, 0.000000, -0.002350
87, 103, 0.756333, 0.000000, 0.001610
88, 104, 0.826350, 0.000000, -0.002672
89, 105, 0.748381, 0.000000, 0.000043
90, 106, 0.818113, 0.000000, 0.004649
91, 107, 0.736988, 0.000000, -0.001552
92, 108, 0.730302, 0.000000, -0.002468
93, 109, 0.796114, 0.000000, 0.001249
94, 110, 0.712573, 0.000000, 0.003279
95, 111, 0.772356, 0.000000, 0.000041
96, 112, 0.687254, 0.000000, -0.000354
97, 113, 0.673291, 0.000000, -0.000876
98, 114, 0.722972, 0.000000, -0.003333
99, 115, 0.641352, 0.000000, -0.005751
100, 116, 0.689680, 0.000000, -0.005709
101, 117, 0.612773, 0.000000, -0.003977
102, 118, 0.598271, 0.000000, -0.005174
103, 119, 0.640998, 0.000000, -0.012896
104, 120, 0.564024, 0.000000, -0.015019
105, 121, 0.599742, 0.000000, -0.020938
106, 122, 0.524263, 0.000000, -0.025975
107, 123, 0.554167, 0.000000, -0.034433
108, 124, 0.483532, 0.000000, -0.029060
109, 125, 0.467702, 0.000000, -0.029089
110, 126, 0.501825, 0.000000, -0.037470
111, 127, 0.451156, 0.000000, -0.040594
112, 128, 0.491057, 0.000000, -0.047713
113, 129, 0.441149, 0.000000, -0.061321
114, 130, 0.481676, 0.000000, -0.053980
115, 131, 0.436573, 0.000000, -0.051717
116, 132, 0.479308, 0.000000, -0.046835
117, 133, 0.433354, 0.000000, -0.057082
118, 134, 0.429795, 0.000000, -0.061576
119, 135, 0.467704, 0.000000, -0.068140
120, 136, 0.421975, 0.000000, -0.036938
121, 137, 0.467010, 0.000000, -0.036920
122, 138, 0.433878, 0.000000, -0.051706
123, 139, 0.491598, 0.000000, -0.055429
124, 140, 0.460016, 0.000000, -0.061687
125, 141, 0.473804, 0.000000, -0.061970
126, 142, 0.538422, 0.000000, -0.052838
127, 143, 0.503991, 0.000000, -0.058504
128, 144, 0.571832, 0.000000, -0.054817
129, 145, 0.533492, 0.000000, -0.045329
130, 146, 0.550513, 0.000000, -0.047728
131, 147, 0.621066, 0.000000, -0.043395
132, 148, 0.580698, 0.000000, -0.035872
133, 149, 0.653332, 0.000000, -0.027029
134, 150, 0.609841, 0.000000, -0.020824
135, 151, 0.622577, 0.000000, -0.015315
136, 152, 0.700452, 0.000000, -0.018791
137, 153, 0.650979, 0.000000, -0.021654
138, 154, 0.664148, 0.000000, -0.015764
139, 155, 0.748163, 0.000000, -0.009690
140, 156, 0.694591, 0.000000, -0.017729
141, 157, 0.776092, 0.000000, -0.013100
142, 158, 0.716476, 0.000000, -0.014749
143, 159, 0.727056, 0.000000, -0.010454
144, 160, 0.811548, 0.000000, -0.011416
145, 161, 0.745296, 0.000000, -0.003768
146, 162, 0.747035, 0.000000, -0.002219
147, 163, 0.820817, 0.000000, -0.007255
148, 165, 1.561722, 0.000000, -0.009405
149, 166, 0.744487, 0.000000, -0.005226
150, 167, 0.744355, 0.000000, -0.005108
151, 168, 0.816949, 0.000000, -0.005648
152, 168, 0.816949, 0.000000, 0.000000
153, 169, 0.739801, 0.000000, -0.006106
154, 170, 0.740055, 0.000000, 0.003371
155, 171, 0.813312, 0.000000, 0.005071
156, 172, 0.737197, 0.000000, -0.002871
157, 173, 0.811567, 0.000000, 0.001031
158, 174, 0.731618, 0.000000, 0.007947
159, 175, 0.729517, 0.000000, -0.003851
160, 176, 0.799097, 0.000000, -0.006099
161, 177, 0.724507, 0.000000, -0.008877
162, 178, 0.796479, 0.000000, -0.001335
163, 179, 0.727823, 0.000000, -0.000414
164, 180, 0.730827, 0.000000, -0.003342
165, 181, 0.810077, 0.000000, 0.001500
166, 183, 1.483054, 0.000000, 0.006160
167, 184, 0.824428, 0.000000, -0.001355
168, 184, 0.824428, 0.000000, 0.000000
169, 185, 0.755979, 0.000000, -0.002018
170, 187, 1.602441, 0.000000, 0.006722
171, 188, 0.768920, 0.000000, 0.005676
172, 188, 0.768920, 0.000000, 0.000000
173, 189, 0.851587, 0.000000, 0.000589
174, 190, 0.784080, 0.000000, -0.001302
175, 191, 0.869288, 0.000000, 0.001494
176, 192, 0.798647, 0.000000, 0.001970
177, 193, 0.805542, 0.000000, -0.003189
178, 194, 0.893305, 0.000000, 0.005599
179, 195, 0.817376, 0.000000, 0.002152
180, 196, 0.824571, 0.000000, 0.000372
181, 197, 0.912315, 0.000000, 0.003846
182, 198, 0.832630, 0.000000, -0.001347
183, 199, 0.919743, 0.000000, -0.005573
184, 200, 0.839507, 0.000000, -0.005633
185, 201, 0.841087, 0.000000, 0.001610
186, 202, 0.929501, 0.000000, 0.000608
187, 203, 0.844222, 0.000000, -0.005043
188, 204, 0.926645, 0.000000, 0.002802
189, 205, 0.838342, 0.000000, 0.002513
190, 206, 0.834550, 0.000000, 0.001282
191, 207, 0.914391, 0.000000, -0.001371
192, 208, 0.827860, 0.000000, 0.000389
193, 209, 0.906819, 0.000000, -0.003400
194, 210, 0.820097, 0.000000, -0.000262
195, 211, 0.817829, 0.000000, -0.000658
196, 212, 0.895491, 0.000000, 0.002684
197, 213, 0.807277, 0.000000, -0.006472
198, 214, 0.883653, 0.000000, 0.002416
199, 215, 0.800546, 0.000000, 0.002195
200, 216, 0.795720, 0.000000, 0.006797
201, 217, 0.870189, 0.000000, 0.004507
202, 218, 0.788463, 0.000000, -0.004780
203, 219, 0.861894, 0.000000, 0.006274
204, 220, 0.782003, 0.000000, 0.004721
205, 221, 0.778654, 0.000000, 0.001150
206, 222, 0.852813, 0.000000, 0.004649
207, 223, 0.772260, 0.000000, 0.006634
208, 224, 0.844427, 0.000000, 0.001838
209, 225, 0.764255, 0.000000, 0.005988
210, 226, 0.760925, 0.000000, 0.004786
211, 227, 0.832228, 0.000000, 0.007908
212, 228, 0.750233, 0.000000, 0.017272
213, 229, 0.747641, 0.000000, 0.004456
214, 230, 0.818574, 0.000000, 0.001137
215, 231, 0.742389, 0.000000, 0.007914
216, 232, 0.812071, 0.000000, 0.016978
217, 233, 0.735896, 0.000000, -0.002122
218, 234, 0.731231, 0.000000, 0.005509
219, 235, 0.800756, 0.000000, 0.002127
220, 236, 0.725704, 0.000000, 0.007588
221, 237, 0.796352, 0.000000, 0.005979
222, 238, 0.722424, 0.000000, 0.011201
223, 239, 0.721910, 0.000000, 0.009257
224, 240, 0.793136, 0.000000, 0.013270
225, 242, 1.500935, 0.000000, 0.008834
226, 243, 0.708032, 0.000000, 0.019994
227, 244, 0.710151, 0.000000, 0.002748
228, 245, 0.788319, 0.000000, 0.008921
229, 247, 1.439172, 0.000000, 0.026050
230, 248, 0.789808, 0.000000, 0.015603
231, 249, 0.718485, 0.000000, 0.012020
232, 250, 0.790298, 0.000000, 0.018192
233, 251, 0.721150, 0.000000, 0.004828
234, 252, 0.722924, 0.000000, 0.011091
235, 253, 0.796515, 0.000000, 0.014385
236, 254, 0.721260, 0.000000, 0.013292
237, 255, 0.796586, 0.000000, 0.001975
238, 256, 0.727702, 0.000000, 0.009180
239, 257, 0.729312, 0.000000, 0.017980
240, 258, 0.800833, 0.000000, 0.016893
241, 259, 0.727786, 0.000000, -0.003697
242, 260, 0.803303, 0.000000, -0.002985
243, 261, 0.734319, 0.000000, 0.007021
244, 262, 0.739888, 0.000000, 0.009534
245, 263, 0.815290, 0.000000, -0.003321
246, 264, 0.740144, 0.000000, 0.004211
247, 265, 0.813053, 0.000000, 0.010775
248, 266, 0.739595, 0.000000, 0.006319
249, 267, 0.740340, 0.000000, 0.006018
250, 268, 0.815559, 0.000000, 0.007500
251, 269, 0.739746, 0.000000, 0.003282
252, 270, 0.811775, 0.000000, -0.002384
253, 271, 0.734895, 0.000000, 0.008899
254, 272, 0.731953, 0.000000, 0.003595
255, 273, 0.804262, 0.000000, 0.007997
256, 274, 0.727591, 0.000000, 0.008764
257, 275, 0.796037, 0.000000, 0.002198
258, 276, 0.717675, 0.000000, 0.004453
259, 277, 0.713335, 0.000000, 0.006933
260, 278, 0.781176, 0.000000, 0.003306
261, 279, 0.708467, 0.000000, 0.008173
262, 280, 0.702260, 0.000000, 0.001533
263, 281, 0.763319, 0.000000, 0.001904
264, 282, 0.681177, 0.000000, -0.000628
265, 283, 0.734508, 0.000000, 0.001093
266, 284, 0.651657, 0.000000, 0.005712
267, 285, 0.638166, 0.000000, 0.006454
268, 286, 0.684091, 0.000000, 0.005083
269, 287, 0.603821, 0.000000, -0.005049
270, 288, 0.642730, 0.000000, 0.003140
271, 289, 0.564316, 0.000000, 0.004867
272, 290, 0.541675, 0.000000, -0.002616
273, 291, 0.570391, 0.000000, 0.001763
274, 292, 0.495666, 0.000000, 0.006479
275, 293, 0.522571, 0.000000, 0.010309
276, 294, 0.454738, 0.000000, 0.000345
277, 295, 0.436020, 0.000000, -0.000555
278, 296, 0.460113, 0.000000, 0.006439
279, 297, 0.398211, 0.000000, 0.010793
280, 298, 0.379915, 0.000000, 0.015522
281, 299, 0.397038, 0.000000, 0.010740
282, 300, 0.342811, 0.000000, 0.003273
283, 301, 0.353251, 0.000000, -0.005554
284, 302, 0.302664, 0.000000, 0.000604
285, 303, 0.286270, 0.000000, 0.001487
286, 304, 0.296902, 0.000000, 0.015933
287, 305, 0.253601, 0.000000, 0.025034
288, 306, 0.263522, 0.000000, 0.027827
289, 307, 0.226485, 0.000000, 0.000232
290, 308, 0.214374, 0.000000, 0.022733
291, 309, 0.225181, 0.000000, 0.024645
292, 310, 0.199253, 0.000000, 0.040078
293, 311, 0.199432, 0.000000, 0.049859
294, 312, 0.219130, 0.000000, -0.004007
295, 313, 0.200632, 0.000000, 0.005168
296, 314, 0.198473, 0.000000, 0.012621
297, 315, 0.215978, 0.000000, 0.043947
298, 316, 0.195135, 0.000000, 0.042348
299, 317, 0.214226, 0.000000, 0.019893
300, 318, 0.192950, 0.000000, 0.020052
301, 319, 0.193083, 0.000000, 0.047810
302, 320, 0.211343, 0.000000, 0.036270
303, 321, 0.192278, 0.000000, 0.027941
304, 322, 0.194983, 0.000000, 0.004926
305, 323, 0.229233, 0.000000, 0.034769
306, 324, 0.226538, 0.000000, 0.048815
307, 325, 0.267738, 0.000000, 0.034321
308, 326, 0.259112, 0.000000, 0.035586
309, 327, 0.271661, 0.000000, 0.035835
310, 328, 0.316143, 0.000000, 0.044792
311, 329, 0.299887, 0.000000, 0.050476
312, 330, 0.313140, 0.000000, 0.056032
313, 331, 0.354294, 0.000000, 0.040460
314, 332, 0.333232, 0.000000, 0.045043
315, 333, 0.378441, 0.000000, 0.050056
316, 334, 0.358535, 0.000000, 0.058437
317, 335, 0.371692, 0.000000, 0.051748
318, 336, 0.418660, 0.000000, 0.052071
319, 337, 0.399704, 0.000000, 0.052045
320, 338, 0.414213, 0.000000, 0.044433
321, 339, 0.479683, 0.000000, 0.053950
322, 340, 0.453217, 0.000000, 0.053583
323, 341, 0.516924, 0.000000, 0.048197
324, 342, 0.488555, 0.000000, 0.051376
325, 343, 0.512767, 0.000000, 0.046627
326, 344, 0.583141, 0.000000, 0.043202
327, 345, 0.553290, 0.000000, 0.035111
328, 346, 0.624530, 0.000000, 0.027108
329, 347, 0.590296, 0.000000, 0.019714
330, 348, 0.669417, 0.000000, 0.011514
331, 349, 0.628256, 0.000000, 0.010909
332, 350, 0.644919, 0.000000, 0.013038
333, 351, 0.725948, 0.000000, 0.014620
334, 352, 0.675551, 0.000000, 0.006487
335, 353, 0.760902, 0.000000, 0.006154
336, 354, 0.709423, 0.000000, 0.003916
337, 355, 0.721231, 0.000000, 0.006912
338, 356, 0.814428, 0.000000, 0.003128
339, 357, 0.753824, 0.000000, 0.002259
340, 358, 0.849782, 0.000000, -0.001041
341, 359, 0.787126, 0.000000, 0.001916
342, 360, 0.882992, 0.000000, 0.002227
343, 361, 0.809522, 0.000000, 0.010037
344, 362, 0.825441, 0.000000, -0.001665
345, 363, 0.918383, 0.000000, 0.002011
346, 364, 0.848055, 0.000000, -0.002025
347, 365, 0.945285, 0.000000, 0.000977
348, 366, 0.875405, 0.000000, -0.002921
349, 367, 0.887475, 0.000000, 0.000491
350, 368, 0.987870, 0.000000, 0.003024
351, 369, 0.908772, 0.000000, 0.000076
352, 370, 1.010428, 0.000000, 0.000132
353, 371, 0.930802, 0.000000, 0.003678
354, 372, 0.939364, 0.000000, -0.001218
355, 373, 1.042006, 0.000000, -0.002166
356, 374, 0.947541, 0.000000, -0.002688
357, 375, 1.043716, 0.000000, -0.004810
358, 376, 0.949862, 0.000000, 0.000892
359, 377, 0.951041, 0.000000, 0.002616
360, 378, 1.046701, 0.000000, 0.001027
361, 379, 0.954402, 0.000000, -0.001306
362, 380, 1.051683, 0.000000, -0.002321
363, 381, 0.955116, 0.000000, 0.001607
364, 382, 0.955468, 0.000000, 0.000826
365, 383, 1.054596, 0.000000, 0.000657
366, 384, 0.957714, 0.000000, -0.004018
367, 385, 0.958223, 0.000000, 0.000573
368, 386, 1.049153, 0.000000, 0.004672
369, 387, 0.954527, 0.000000, 0.000187
370, 388, 1.046298, 0.000000, 0.003218
371, 389, 0.957661, 0.000000, -0.004956
372, 390, 0.954933, 0.000000, 0.003221
373, 391, 1.050454, 0.000000, 0.000060
374, 392, 0.951655, 0.000000, -0.000738
375, 393, 1.048426, 0.000000, -0.001962
376, 394, 0.951454, 0.000000, -0.003258
377, 395, 0.951836, 0.000000, -0.001636
378, 396, 1.048538, 0.000000, -0.002144
379, 397, 0.951550, 0.000000, -0.001018
380, 398, 1.046930, 0.000000, 0.000123
381, 399, 0.948541, 0.000000, 0.001297
382, 401, 1.992222, 0.000000, 0.000389
383, 401, 1.992222, 0.000000, 0.000000
384, 402, 0.948957, 0.000000, -0.000001
385, 403, 0.944318, 0.000000, 0.000027
386, 404, 1.035818, 0.000000, -0.001419
387, 405, 0.938914, 0.000000, 0.002451
388, 406, 1.032267, 0.000000, 0.001306
389, 407, 0.936193, 0.000000, 0.001548
390, 408, 0.934352, 0.000000, -0.000959
391, 409, 1.024739, 0.000000, 0.000172
392, 410, 0.925673, 0.000000, 0.002835
393, 411, 0.918708, 0.000000, 0.006454
394, 412, 1.009523, 0.000000, 0.000172
395, 413, 0.916398, 0.000000, 0.001832
396, 414, 1.005831, 0.000000, -0.003325
397, 415, 0.911648, 0.000000, 0.000050
398, 416, 0.909013, 0.000000, -0.001544
399, 417, 0.996398, 0.000000, -0.001714
400, 418, 0.904701, 0.000000, -0.002991
401, 419, 0.992157, 0.000000, 0.000710
402, 420, 0.900191, 0.000000, -0.003663
403, 421, 0.897823, 0.000000, -0.001997
404, 423, 1.873862, 0.000000, -0.003400
405, 424, 0.886719, 0.000000, -0.009156
406, 425, 0.965639, 0.000000, 0.006016
407, 426, 0.867495, 0.000000, -0.008741
408, 427, 0.942814, 0.000000, 0.003166
409, 428, 0.846477, 0.000000, -0.005994
410, 429, 0.834222, 0.000000, 0.004323
411, 431, 1.712605, 0.000000, 0.000056
412, 431, 1.712605, 0.000000, 0.000000
413, 432, 0.878015, 0.000000, 0.002027
414, 434, 1.563863, 0.000000, 0.000084
415, 435, 0.844057, 0.000000, -0.001037
416, 436, 0.757379, 0.000000, 0.001628
417, 436, 0.757379, 0.000000, 0.000000
418, 437, 0.744301, 0.000000, 0.011572
419, 438, 0.802046, 0.000000, 0.010725
420, 439, 0.713902, 0.000000, 0.005743
421, 440, 0.771633, 0.000000, -0.006326
422, 441, 0.688289, 0.000000, 0.014258
423, 442, 0.672101, 0.000000, -0.007767
424, 444, 1.371588, 0.000000, 0.000018
425, 445, 0.698479, 0.000000, 0.005237
426, 446, 0.621417, 0.000000, 0.003125
427, 447, 0.609586, 0.000000, 0.011180
428, 448, 0.658977, 0.000000, 0.016124
429, 449, 0.590091, 0.000000, 0.008878
430, 450, 0.583151, 0.000000, 0.002036
431, 451, 0.630131, 0.000000, 0.020373
432, 452, 0.560709, 0.000000, 0.033613
433, 454, 1.130183, 0.000000, 0.048822
434, 455, 0.521048, 0.000000, 0.054243
435, 456, 0.562867, 0.000000, 0.039146
436, 457, 0.499469, 0.000000, 0.031440
437, 458, 0.487197, 0.000000, 0.038220
438, 459, 0.523445, 0.000000, 0.051351
439, 460, 0.467925, 0.000000, 0.058072
440, 461, 0.462626, 0.000000, 0.047798
441, 462, 0.502851, 0.000000, 0.027787
442, 463, 0.454107, 0.000000, 0.040224
443, 464, 0.495728, 0.000000, 0.046284
444, 465, 0.448053, 0.000000, 0.055642
445, 466, 0.444983, 0.000000, 0.055775
446, 467, 0.485989, 0.000000, 0.061517
447, 468, 0.437350, 0.000000, 0.043074
448, 469, 0.433900, 0.000000, 0.024925
449, 470, 0.473861, 0.000000, 0.053369
450, 471, 0.427013, 0.000000, 0.060701
451, 472, 0.465188, 0.000000, 0.061363
452, 473, 0.418004, 0.000000, 0.063705
453, 474, 0.415182, 0.000000, 0.036336
454, 475, 0.456655, 0.000000, 0.030239
455, 476, 0.422382, 0.000000, 0.062780
456, 477, 0.473003, 0.000000, 0.055261
457, 477, 0.473003, 0.000000, 0.000000
458, 479, 0.877616, 0.000000, 0.053622
459, 480, 0.485954, 0.000000, 0.038145
460, 481, 0.447332, 0.000000, 0.046959
461, 481, 0.447332, 0.000000, 0.000000
462, 482, 0.498923, 0.000000, 0.033857
463, 483, 0.461396, 0.000000, 0.029115
464, 484, 0.468876, 0.000000, 0.019829
465, 485, 0.524369, 0.000000, 0.018450
466, 486, 0.484962, 0.000000, 0.016199
467, 487, 0.543572, 0.000000, 0.009498
468, 488, 0.503569, 0.000000, 0.005818
469, 489, 0.566574, 0.000000, 0.011389
470, 490, 0.525905, 0.000000, 0.009117
471, 491, 0.535942, 0.000000, 0.011986
472, 492, 0.604151, 0.000000, 0.006654
473, 493, 0.566982, 0.000000, 0.000446
474, 494, 0.635902, 0.000000, -0.007696
475, 495, 0.592731, 0.000000, -0.006371
476, 496, 0.668646, 0.000000, -0.000259
477, 498, 1.260214, 0.000000, 0.004224
478, 499, 0.718229, 0.000000, -0.003563
479, 500, 0.670542, 0.000000, -0.004161
480, 501, 0.752926, 0.000000, 0.017855
481, 502, 0.700868, 0.000000, 0.005561
482, 503, 0.716185, 0.000000, -0.006372
483, 504, 0.806563, 0.000000, -0.005104
484, 505, 0.750475, 0.000000, -0.001910
485, 506, 0.845291, 0.000000, 0.000814
486, 508, 1.578156, 0.000000, 0.000948
487, 508, 1.578156, 0.000000, 0.000000
488, 509, 0.888616, 0.000000, -0.003203
489, 510, 0.819941, 0.000000, 0.000181
490, 511, 0.915504, 0.000000, 0.004526
491, 512, 0.841506, 0.000000, 0.003280
492, 513, 0.851378, 0.000000, 0.000443
493, 514, 0.952085, 0.000000, 0.001604
494, 515, 0.874981, 0.000000, -0.007185
495, 517, 1.864754, 0.000000, -0.001097
496, 518, 0.899630, 0.000000, -0.003119
497, 518, 0.899630, 0.000000, 0.000000
498, 519, 0.992374, 0.000000, -0.002545
499, 520, 0.901742, 0.000000, -0.002664
500, 521, 0.988894, 0.000000, -0.006199
501, 522, 0.896242, 0.000000, -0.004002
502, 523, 0.895957, 0.000000, 0.000636
503, 524, 0.986888, 0.000000, 0.002935
504, 525, 0.894460, 0.000000, -0.010127
505, 526, 0.980684, 0.000000, 0.008118
506, 527, 0.887901, 0.000000, 0.004386
507, 528, 0.883717, 0.000000, 0.001790
508, 529, 0.974501, 0.000000, -0.002438
509, 530, 0.883203, 0.000000, -0.001197
510, 531, 0.967888, 0.000000, -0.002436
511, 532, 0.876004, 0.000000, -0.000653
512, 533, 0.872366, 0.000000, 0.002137
513, 534, 0.957383, 0.000000, -0.007039
514, 535, 0.866858, 0.000000, -0.005670
515, 536, 0.946030, 0.000000, -0.013746
516, 537, 0.856801, 0.000000, -0.012975
517, 538, 0.852331, 0.000000, -0.016769
518, 539, 0.935509, 0.000000, -0.014953
519, 540, 0.846535, 0.000000, -0.023192
520, 542, 1.771013, 0.000000, -0.038050
521, 542, 1.771013, 0.000000, 0.000000
522, 543, 0.841682, 0.000000, -0.044903
523, 544, 0.922120, 0.000000, -0.032556
524, 545, 0.833414, 0.000000, -0.034471
525, 546, 0.912788, 0.000000, -0.028090
526, 547, 0.828347, 0.000000, -0.034443
527, 548, 0.913036, 0.000000, -0.028645
528, 549, 0.831307, 0.000000, -0.034029
529, 550, 0.833678, 0.000000, -0.030357
530, 551, 0.921528, 0.000000, -0.025800
531, 552, 0.843184, 0.000000, -0.019782
532, 553, 0.850551, 0.000000, -0.014807
533, 554, 0.941179, 0.000000, -0.023123
534, 555, 0.862454, 0.000000, -0.019641
535, 556, 0.954423, 0.000000, -0.017332
536, 557, 0.877652, 0.000000, -0.013605
537, 558, 0.890029, 0.000000, -0.020455
538, 559, 0.990552, 0.000000, -0.012190
539, 560, 0.908574, 0.000000, -0.005113
540, 561, 1.007298, 0.000000, -0.000955
541, 562, 0.923000, 0.000000, 0.001546
542, 563, 0.931688, 0.000000, 0.002255
543, 564, 1.041505, 0.000000, 0.003000
544, 565, 0.958889, 0.000000, -0.001675
545, 566, 0.967786, 0.000000, -0.003570
546, 567, 1.071163, 0.000000, -0.000375
547, 568, 0.987560, 0.000000, 0.001955
548, 569, 1.090364, 0.000000, -0.000004
549, 570, 1.000834, 0.000000, 0.003920
550, 571, 1.004381, 0.000000, -0.000684
551, 572, 1.111931, 0.000000, -0.000441
552, 573, 1.015434, 0.000000, 0.001503
553, 574, 1.017576, 0.000000, -0.002683
554, 575, 1.121216, 0.000000, -0.003014
555, 576, 1.019433, 0.000000, -0.001657
556, 578, 2.143698, 0.000000, -0.003376
557, 579, 1.017258, 0.000000, -0.003167
558, 580, 1.114292, 0.000000, -0.000342
559, 581, 1.011424, 0.000000, -0.002044
560, 583, 2.115817, 0.000000, -0.000579
561, 584, 1.004768, 0.000000, -0.001195
562, 585, 1.103225, 0.000000, -0.001630
563, 586, 0.998619, 0.000000, -0.002164
564, 587, 0.995300, 0.000000, -0.003129
565, 588, 1.092245, 0.000000, -0.001984
566, 589, 0.989805, 0.000000, -0.000653
567, 590, 1.085626, 0.000000, -0.003845
568, 591, 0.983467, 0.000000, -0.004861
569, 592, 0.979753, 0.000000, -0.004478
570, 593, 1.073734, 0.000000, 0.003124
571, 594, 0.972265, 0.000000, -0.002740
572, 595, 0.970407, 0.000000, -0.001971
573, 596, 1.065812, 0.000000, 0.003317
574, 597, 0.964672, 0.000000, -0.001200
575, 598, 1.056825, 0.000000, 0.001980
576, 599, 0.957363, 0.000000, -0.002663
577, 600, 0.955142, 0.000000, -0.002310
578, 601, 1.046049, 0.000000, 0.000406
579, 602, 0.946605, 0.000000, 0.000915
580, 603, 1.038059, 0.000000, 0.001385
581, 604, 0.939992, 0.000000, -0.001128
582, 605, 0.935565, 0.000000, 0.001904
583, 606, 1.027782, 0.000000, -0.001500
584, 607, 0.930923, 0.000000, 0.002184
585, 608, 0.927110, 0.000000, -0.001373
586, 609, 1.017053, 0.000000, 0.000656
587, 610, 0.920244, 0.000000, 0.005086
588, 611, 1.007050, 0.000000, 0.001403
589, 612, 0.910054, 0.000000, 0.001038
590, 613, 0.904658, 0.000000, 0.003403
591, 614, 0.985955, 0.000000, 0.001102
592, 615, 0.886383, 0.000000, -0.000279
593, 616, 0.964174, 0.000000, -0.000214
594, 617, 0.863961, 0.000000, -0.000535
595, 618, 0.850875, 0.000000, -0.001011
596, 619, 0.920146, 0.000000, -0.000696
597, 620, 0.821364, 0.000000, -0.000848
598, 621, 0.881385, 0.000000, -0.004884
599, 622, 0.781880, 0.000000, -0.006539
600, 623, 0.760480, 0.000000, -0.012388
601, 624, 0.811343, 0.000000, -0.009129
602, 625, 0.712503, 0.000000, -0.004107
603, 626, 0.756612, 0.000000, -0.002360
604, 627, 0.661757, 0.000000, -0.009247
605, 628, 0.637577, 0.000000, -0.007585
606, 629, 0.671854, 0.000000, -0.003278
607, 630, 0.585540, 0.000000, -0.006254
608, 631, 0.614616, 0.000000, -0.011606
609, 632, 0.535269, 0.000000, -0.009524
610, 633, 0.505724, 0.000000, -0.007494
611, 635, 0.971417, 0.000000, -0.005600
612, 636, 0.459984, 0.000000, -0.012435
613, 637, 0.386906, 0.000000, -0.011405
614, 638, 0.356750, 0.000000, 0.006074
615, 639, 0.355991, 0.000000, -0.013020
616, 640, 0.291013, 0.000000, 0.005182
617, 641, 0.262809, 0.000000, 0.001044
618, 642, 0.259048, 0.000000, -0.006033
619, 643, 0.214473, 0.000000, 0.004948
620, 644, 0.216439, 0.000000, -0.009966
621, 645, 0.188927, 0.000000, 0.015131
622, 646, 0.184384, 0.000000, 0.012844
623, 647, 0.195350, 0.000000, 0.014808
624, 648, 0.168752, 0.000000, 0.034269
625, 649, 0.173183, 0.000000, 0.015468
626, 650, 0.144555, 0.000000, 0.022151
627, 651, 0.135033, 0.000000, -0.051608
628, 652, 0.139493, 0.000000, -0.023715
629, 653, 0.120107, 0.000000, 0.017624
630, 654, 0.123849, 0.000000, 0.014115
631, 655, 0.105316, 0.000000, 0.029189
632, 656, 0.098779, 0.000000, 0.011946
633, 657, 0.094868, 0.000000, 0.059347
634, 658, 0.072061, 0.000000, 0.001446
635, 659, 0.063372, 0.000000, 0.028524
636, 660, 0.045526, 0.000000, 0.005975
637, 661, 0.034696, 0.000000, 0.045110
638, 662, 0.026530, 0.000000, 0.068396
639, 663, 0.015472, 0.000000, 0.097919
640, 664, 0.008491, 0.000000, 0.344422
641, 665, 0.005568, 0.000000, 1.397388
642, 666, 0.007215, 0.000000, 0.601751
643, 667, 0.001206, 0.000000, -0.402235
644, 668, 0.003983, 0.000000, 3.392947
645, 669, 0.006340, 0.000000, -0.628914
646, 670, 0.004107, 0.000000, -0.369952
647, 671, 0.002434, 0.000000, -0.453741
648, 672, 0.003596, 0.000000, 0.091235
649, 673, 0.002093, 0.000000, -0.291864
650, 674, 0.001275, 0.000000, -0.020035
651, 675, 0.001966, 0.000000, 1.383658
652, 676, 0.002884, 0.000000, -0.028448
653, 677, 0.001334, 0.000000, 0.094670
654, 678, 0.004666, 0.000000, 0.156444
655, 680, 0.004506, 0.000000, 0.058745
656, 681, 0.000832, 0.000000, 0.232825
657, 682, 0.001848, 0.000000, -0.391678
658, 683, 0.001449, 0.000000, -3.595803
659, 684, 0.000511, 0.000000, 4.022129
660, 685, 0.001532, 0.000000, -3.460716
661, 686, 0.003823, 0.000000, 0.078715
662, 687, 0.004040, 0.000000, 0.080095
663, 688, 0.003287, 0.000000, -0.036241
664, 689, 0.002557, 0.000000, 0.814078
665, 690, 0.002163, 0.000000, 0.070041
666, 691, 0.002610, 0.000000, -0.116955
667, 692, 0.001984, 0.000000, -0.445048
668, 693, 0.001379, 0.000000, -0.271823
669, 694, 0.001553, 0.000000, 0.278883
670, 695, 0.001790, 0.000000, 1.560711
671, 696, 0.000865, 0.000000, -0.716775
672, 697, 0.000847, 0.000000, 1.517140
673, 698, 0.000228, 0.000000, 0.288500
674, 699, 0.000532, 0.000000, -0.293195
675, 700, 0.000304, 0.000000, -2.795550
676, 701, 0.002073, 0.000000, -1.129733
677, 702, 0.001262, 0.000000, 0.283707
678, 704, 0.000908, 0.000000, 3.430149
679, 705, 0.000555, 0.000000, -2.936665
680, 706, 0.000215, 0.000000, 1.919886
681, 707, 0.000353, 0.000000, -1.210460
682, 708, 0.004674, 0.000000, -1.452479
683, 709, 0.003819, 0.000000, 0.412593
684, 710, 0.002980, 0.000000, -0.124587
685, 711, 0.001123, 0.000000, 0.183847
686, 712, 0.003273, 0.000000, 3.107131
687, 713, 0.001596, 0.000000, -0.122274
688, 714, 0.000433, 0.000000, 0.183663
689, 715, 0.001508, 0.000000, -3.310787
690, 716, 0.036388, 0.000000, 3.494353
691, 717, 0.022903, 0.000000, 0.027366
692, 718, 0.023184, 0.000000, 0.064418
693, 719, 0.028536, 0.000000, 0.208979
694, 720, 0.024075, 0.000000, 0.196161
695, 721, 0.035380, 0.000000, -0.057887
696, 722, 0.030243, 0.000000, 0.178966
697, 723, 0.034573, 0.000000, 0.057319
698, 724, 0.035627, 0.000000, 0.160430
699, 725, 0.038436, 0.000000, -0.071811
700, 726, 0.043101, 0.000000, 0.141511
701, 727, 0.044399, 0.000000, -0.052809
702, 729, 0.098400, 0.000000, 0.150484
703, 730, 0.054539, 0.000000, 0.078291
704, 731, 0.070512, 0.000000, 0.037049
705, 733, 0.151092, 0.000000, 0.059547
706, 733, 0.151092, 0.000000, 0.000000
707, 734, 0.140328, 0.000000, 0.042767
708, 735, 0.124179, 0.000000, 0.008217
709, 736, 0.152353, 0.000000, 0.017347
710, 737, 0.150335, 0.000000, 0.042076
711, 738, 0.162835, 0.000000, 0.027428
712, 739, 0.189961, 0.000000, 0.029403
713, 740, 0.181768, 0.000000, 0.027262
714, 741, 0.190973, 0.000000, 0.030822
715, 742, 0.219078, 0.000000, 0.030415
716, 743, 0.208843, 0.000000, 0.036630
717, 744, 0.220643, 0.000000, 0.035876
718, 745, 0.263400, 0.000000, 0.044061
719, 746, 0.261669, 0.000000, 0.047499
720, 747, 0.317039, 0.000000, 0.030598
721, 748, 0.314245, 0.000000, 0.030011
722, 749, 0.339803, 0.000000, 0.045601
723, 750, 0.404040, 0.000000, 0.071107
724, 751, 0.394878, 0.000000, 0.051712
725, 752, 0.423154, 0.000000, 0.052838
726, 753, 0.492752, 0.000000, 0.053006
727, 754, 0.473334, 0.000000, 0.065404
728, 755, 0.543117, 0.000000, 0.048367
729, 756, 0.513381, 0.000000, 0.045925
730, 757, 0.534977, 0.000000, 0.053544
731, 759, 1.191795, 0.000000, 0.085983
732, 759, 1.191795, 0.000000, 0.000000
733, 761, 1.288914, 0.000000, 0.104812
734, 762, 0.650043, 0.000000, 0.074333
735, 762, 0.650043, 0.000000, 0.000000
736, 764, 1.445769, 0.000000, 0.063313
737, 764, 1.445769, 0.000000, 0.000000
738, 766, 1.552047, 0.000000, 0.055452
739, 768, 1.648804, 0.000000, 0.035122
740, 769, 0.815971, 0.000000, 0.020833
741, 770, 0.920799, 0.000000, 0.015341
742, 771, 0.859697, 0.000000, 0.018045
743, 772, 0.968947, 0.000000, 0.013801
744, 773, 0.903627, 0.000000, 0.011091
745, 774, 0.923894, 0.000000, 0.003323
746, 775, 1.041237, 0.000000, 0.000985
747, 776, 0.971499, 0.000000, 0.000491
748, 777, 1.096003, 0.000000, 0.002067
749, 779, 2.149678, 0.000000, 0.004635
750, 780, 1.050810, 0.000000, 0.021425
751, 781, 1.066763, 0.000000, 0.006763
752, 782, 1.187413, 0.000000, -0.002643
753, 782, 1.187413, 0.000000, 0.000000
754, 784, 2.318269, 0.000000, 0.008133
755, 785, 1.126975, 0.000000, 0.008516
756, 786, 1.141041, 0.000000, 0.003277
757, 787, 1.270222, 0.000000, 0.002299
758, 788, 1.159164, 0.000000, -0.004704
759, 789, 1.277252, 0.000000, 0.000121
760, 789, 1.277252, 0.000000, 0.000000
761, 790, 1.156928, 0.000000, -0.003330
762, 792, 2.420193, 0.000000, 0.001562
763, 793, 1.148088, 0.000000, -0.000931
764, 793, 1.148088, 0.000000, 0.000000
765, 794, 1.262437, 0.000000, 0.000347
766, 796, 2.294633, 0.000000, -0.002334
767, 798, 2.400187, 0.000000, 0.001502
768, 799, 1.250772, 0.000000, -0.002566
769, 800, 1.135122, 0.000000, 0.002012
770, 802, 2.375736, 0.000000, -0.002317
771, 804, 2.360828, 0.000000, -0.000537
772, 804, 2.360828, 0.000000, 0.000000
773, 806, 2.235814, 0.000000, -0.003227
774, 806, 2.235814, 0.000000, 0.000000
775, 808, 2.336426, 0.000000, -0.000598
776, 809, 1.218024, 0.000000, -0.001343
777, 810, 1.103652, 0.000000, -0.001046
778, 810, 1.103652, 0.000000, 0.000000
779, 811, 1.100780, 0.000000, -0.000642
780, 813, 2.302055, 0.000000, 0.000773
781, 814, 1.200512, 0.000000, 0.003765
782, 814, 1.200512, 0.000000, 0.000000
783, 816, 2.172840, 0.000000, 0.007275
784, 817, 1.189257, 0.000000, 0.003397
785, 818, 1.080780, 0.000000, -0.001567
786, 819, 1.078111, 0.000000, 0.002715
787, 819, 1.078111, 0.000000, 0.000000
788, 820, 1.182661, 0.000000, 0.001708
789, 821, 1.071964, 0.000000, 0.002189
790, 823, 2.241066, 0.000000, 0.003928
791, 823, 2.241066, 0.000000, 0.000000
792, 824, 1.063375, 0.000000, 0.002571
793, 826, 2.225512, 0.000000, 0.000092
794, 827, 1.056192, 0.000000, -0.002386
795, 828, 1.169649, 0.000000, -0.000199
796, 829, 1.061148, 0.000000, -0.003606
797, 831, 2.221407, 0.000000, -0.003175
798, 831, 2.221407, 0.000000, 0.000000
799, 833, 2.214392, 0.000000, -0.002241
800, 833, 2.214392, 0.000000, 0.000000
801, 834, 1.041500, 0.000000, -0.002838
802, 835, 1.137449, 0.000000, -0.001346
803, 836, 1.033612, 0.000000, -0.002247
804, 838, 2.186970, 0.000000, 0.004617
805, 838, 2.186970, 0.000000, 0.000000
806, 839, 1.039672, 0.000000, -0.003115
807, 840, 1.037214, 0.000000, -0.004301
808, 842, 2.164364, 0.000000, 0.000539
809, 842, 2.164364, 0.000000, 0.000000
810, 843, 1.113386, 0.000000, 0.001549
811, 844, 1.014922, 0.000000, 0.000147
812, 845, 1.014659, 0.000000, 0.000731
813, 846, 1.112545, 0.000000, 0.001813
814, 847, 1.012789, 0.000000, -0.002107
815, 848, 1.124914, 0.000000, -0.002692
816, 849, 1.024533, 0.000000, -0.001134
817, 851, 2.149322, 0.000000, -0.000772
818, 852, 1.025429, 0.000000, 0.006215
819, 853, 1.021425, 0.000000, -0.008685
820, 854, 1.123181, 0.000000, 0.003269
821, 855, 1.016666, 0.000000, 0.003255
822, 857, 2.115880, 0.000000, 0.001787
823, 858, 1.001372, 0.000000, -0.000472
824, 860, 2.092298, 0.000000, -0.000726
825, 860, 2.092298, 0.000000, 0.000000
826, 862, 2.081558, 0.000000, -0.002026
827, 862, 2.081558, 0.000000, 0.000000
828, 863, 0.987104, 0.000000, -0.004763
829, 865, 2.057529, 0.000000, -0.004005
830, 865, 2.057529, 0.000000, 0.000000
831, 866, 1.073086, 0.000000, 0.001954
832, 868, 1.942259, 0.000000, -0.003152
833, 869, 1.063307, 0.000000, -0.000617
834, 872, 2.954996, 0.000000, 0.000696
835, 873, 0.921790, 0.000000, -0.001396
836, 873, 0.921790, 0.000000, 0.000000
837, 875, 1.884326, 0.000000, 0.001342
838, 876, 0.868790, 0.000000, 0.001271
839, 877, 0.934533, 0.000000, 0.002651
840, 878, 0.828812, 0.000000, 0.005847
841, 879, 0.890014, 0.000000, -0.001945
842, 880, 0.784611, 0.000000, 0.007157
843, 881, 0.768753, 0.000000, 0.005614
844, 883, 1.560806, 0.000000, 0.002261
845, 883, 1.560806, 0.000000, 0.000000
846, 884, 0.781349, 0.000000, 0.008369
847, 885, 0.687696, 0.000000, 0.009472
848, 887, 1.374339, 0.000000, 0.023391
849, 888, 0.620424, 0.000000, 0.015870
850, 888, 0.620424, 0.000000, 0.000000
851, 889, 0.658328, 0.000000, 0.014751
852, 890, 0.575973, 0.000000, 0.016734
853, 892, 1.165132, 0.000000, 0.030358
854, 892, 1.165132, 0.000000, 0.000000
855, 893, 0.538960, 0.000000, 0.026070
856, 894, 0.526051, 0.000000, 0.021369
857, 896, 1.065942, 0.000000, 0.043973
858, 896, 1.065942, 0.000000, 0.000000
859, 897, 0.542682, 0.000000, 0.036593
860, 899, 0.965035, 0.000000, 0.041709
861, 899, 0.965035, 0.000000, 0.000000
862, 901, 0.988042, 0.000000, 0.060582
863, 902, 0.460267, 0.000000, 0.076942
864, 903, 0.499883, 0.000000, 0.068228
865, 904, 0.451705, 0.000000, 0.045124
866, 906, 0.937602, 0.000000, 0.060466
867, 907, 0.439650, 0.000000, 0.091627
868, 907, 0.439650, 0.000000, 0.000000
869, 909, 0.909246, 0.000000, 0.088026
870, 910, 0.435867, 0.000000, 0.058587
871, 912, 0.923709, 0.000000, 0.070337
872, 912, 0.923709, 0.000000, 0.000000
873, 913, 0.484860, 0.000000, 0.113231
874, 914, 0.441860, 0.000000, 0.044091
875, 915, 0.446156, 0.000000, 0.017422
876, 916, 0.496717, 0.000000, 0.053328
877, 917, 0.456366, 0.000000, 0.048214
878, 918, 0.510097, 0.000000, 0.050382
879, 920, 0.947789, 0.000000, 0.048415
880, 920, 0.947789, 0.000000, 0.000000
881, 921, 0.536273, 0.000000, 0.043216
882, 922, 0.495570, 0.000000, 0.019915
883, 923, 0.554333, 0.000000, 0.020143
884, 924, 0.517027, 0.000000, 0.024369
885, 925, 0.529938, 0.000000, 0.013523
886, 926, 0.598825, 0.000000, 0.017382
887, 927, 0.560235, 0.000000, 0.014135
888, 929, 1.226797, 0.000000, 0.017329
889, 931, 1.296048, 0.000000, 0.030832
890, 932, 0.641554, 0.000000, 0.017488
891, 933, 0.724458, 0.000000, 0.005835
892, 934, 0.676877, 0.000000, 0.014386
893, 935, 0.757618, 0.000000, 0.003138
894, 936, 0.704492, 0.000000, -0.002265
895, 937, 0.716282, 0.000000, 0.000177
896, 938, 0.796685, 0.000000, 0.001151
897, 939, 0.729843, 0.000000, 0.003931
898, 940, 0.805418, 0.000000, 0.004272
899, 941, 0.733421, 0.000000, 0.001826
900, 942, 0.734107, 0.000000, 0.002037
901, 943, 0.808350, 0.000000, 0.006588
902, 944, 0.736490, 0.000000, 0.009629
903, 945, 0.810905, 0.000000, 0.004554
904, 946, 0.737707, 0.000000, 0.002193
905, 947, 0.738728, 0.000000, 0.005184
906, 949, 1.550925, 0.000000, 0.001133
907, 949, 1.550925, 0.000000, 0.000000
908, 950, 0.810286, 0.000000, -0.006298
909, 951, 0.736281, 0.000000, -0.010922
910, 952, 0.734322, 0.000000, 0.006820
911, 954, 1.535026, 0.000000, 0.002737
912, 955, 0.800392, 0.000000, 0.000112
913, 956, 0.725315, 0.000000, 0.002140
914, 957, 0.722526, 0.000000, -0.000133
915, 959, 1.503740, 0.000000, -0.005255
916, 960, 0.774692, 0.000000, -0.001231
917, 961, 0.695949, 0.000000, -0.002653
918, 963, 1.427138, 0.000000, 0.004165
919, 963, 1.427138, 0.000000, 0.000000
920, 964, 0.662769, 0.000000, -0.002904
921, 965, 0.718285, 0.000000, -0.006720
922, 966, 0.643082, 0.000000, -0.007724
923, 968, 1.327440, 0.000000, 0.007213
924, 968, 1.327440, 0.000000, 0.000000
925, 969, 0.625686, 0.000000, -0.001800
926, 970, 0.682876, 0.000000, -0.001275
927, 971, 0.615280, 0.000000, 0.000744
928, 972, 0.610508, 0.000000, 0.002226
929, 973, 0.666544, 0.000000, 0.001411
930, 974, 0.601852, 0.000000, -0.001579
931, 975, 0.655354, 0.000000, -0.005857
932, 976, 0.592502, 0.000000, 0.000259
933, 977, 0.586997, 0.000000, 0.001898
934, 978, 0.646265, 0.000000, -0.001346
935, 979, 0.584548, 0.000000, -0.006216
936, 981, 1.220168, 0.000000, 0.003031
937, 982, 0.576527, 0.000000, 0.003416
938, 983, 0.632126, 0.000000, 0.001652
939, 984, 0.572984, 0.000000, 0.000916
940, 985, 0.626964, 0.000000, 0.000539
941, 986, 0.564338, 0.000000, 0.002718
942, 987, 0.562130, 0.000000, 0.005931
943, 988, 0.612539, 0.000000, 0.000874
944, 989, 0.550800, 0.000000, 0.003689
945, 990, 0.596201, 0.000000, -0.000275
946, 991, 0.532466, 0.000000, 0.009275
947, 992, 0.523240, 0.000000, -0.007770
948, 993, 0.563096, 0.000000, 0.002626
949, 994, 0.502482, 0.000000, -0.007927
950, 995, 0.539262, 0.000000, -0.000749
951, 997, 0.945405, 0.000000, -0.001561
952, 997, 0.945405, 0.000000, 0.000000
953, 998, 0.503291, 0.000000, -0.000272
954, 999, 0.446428, 0.000000, 0.006139
955, 1000, 0.477839, 0.000000, 0.001157
956, 1001, 0.421360, 0.000000, -0.002149
957, 1002, 0.407074, 0.000000, -0.001799
958, 1003, 0.427701, 0.000000, 0.006167
959, 1004, 0.372583, 0.000000, 0.000465
960, 1005, 0.386853, 0.000000, 0.000610
961, 1006, 0.332350, 0.000000, -0.004112
962, 1008, 0.632880, 0.000000, -0.007056
963, 1009, 0.276952, 0.000000, 0.002333
964, 1010, 0.266022, 0.000000, -0.004807
965, 1012, 0.538400, 0.000000, -0.011505
966, 1013, 0.275725, 0.000000, -0.011453
967, 1014, 0.249228, 0.000000, 0.003237
968, 1015, 0.245846, 0.000000, -0.015940
969, 1016, 0.267846, 0.000000, -0.005348
970, 1017, 0.243122, 0.000000, 0.022962
971, 1018, 0.265504, 0.000000, 0.004645
972, 1019, 0.237894, 0.000000, 0.001865
973, 1020, 0.239105, 0.000000, -0.000460
974, 1021, 0.261643, 0.000000, 0.001277
975, 1022, 0.236327, 0.000000, -0.005419
976, 1023, 0.258230, 0.000000, 0.003405
977, 1024, 0.232454, 0.000000, -0.008007
978, 1025, 0.230501, 0.000000, -0.001492
979, 1026, 0.252294, 0.000000, 0.007210
980, 1027, 0.227994, 0.000000, 0.022095
981, 1028, 0.248538, 0.000000, 0.003503
982, 1029, 0.226428, 0.000000, 0.002938
983, 1031, 0.474133, 0.000000, 0.013418
984, 1032, 0.223670, 0.000000, 0.032266
985, 1033, 0.244662, 0.000000, 0.014020
986, 1034, 0.221261, 0.000000, -0.016043
987, 1035, 0.220328, 0.000000, -0.004987
988, 1036, 0.241203, 0.000000, -0.004719
989, 1037, 0.222331, 0.000000, 0.011010
990, 1038, 0.241125, 0.000000, 0.002952
991, 1039, 0.217969, 0.000000, 0.001396
992, 1040, 0.216655, 0.000000, -0.006503
993, 1041, 0.238468, 0.000000, -0.005281
994, 1042, 0.216431, 0.000000, -0.009026
995, 1043, 0.238713, 0.000000, -0.013184
996, 1044, 0.220317, 0.000000, -0.004433
997, 1045, 0.228941, 0.000000, -0.003163
998, 1046, 0.264293, 0.000000, -0.015663
999, 1047, 0.250690, 0.000000, 0.000169
1000, 1048, 0.287925, 0.000000, -0.008668
1001, 1049, 0.272403, 0.000000, -0.002072
1002, 1050, 0.282191, 0.000000, -0.013023
1003, 1051, 0.319861, 0.000000, 0.007606
1004, 1052, 0.298635, 0.000000, 0.007093
1005, 1053, 0.336196, 0.000000, -0.011536
1006, 1054, 0.313208, 0.000000, -0.011906
1007, 1055, 0.321899, 0.000000, -0.001635
1008, 1056, 0.361636, 0.000000, -0.000354
1009, 1057, 0.337332, 0.000000, -0.008428
1010, 1058, 0.378989, 0.000000, -0.010070
1011, 1059, 0.354341, 0.000000, 0.001608
1012, 1060, 0.363874, 0.000000, 0.005052
1013, 1061, 0.411755, 0.000000, 0.005170
1014, 1062, 0.387172, 0.000000, -0.047569
1015, 1063, 0.394480, 0.000000, -0.049402
1016, 1064, 0.430064, 0.000000, 0.005363
1017, 1065, 0.387741, 0.000000, -0.027286
1018, 1066, 0.416191, 0.000000, 0.038698
1019, 1067, 0.373343, 0.000000, 0.006834
1020, 1068, 0.365412, 0.000000, 0.033055
1021, 1069, 0.398412, 0.000000, 0.013691
1022, 1070, 0.358451, 0.000000, 0.011208
1023, 1071, 0.353968, 0.000000, 0.000874
1024, 1072, 0.383850, 0.000000, 0.037558
1025, 1073, 0.344214, 0.000000, 0.044483
1026, 1074, 0.371802, 0.000000, 0.027340
1027, 1075, 0.333769, 0.000000, 0.024270
1028, 1076, 0.331564, 0.000000, 0.010507
1029, 1077, 0.363655, 0.000000, 0.033527
1030, 1078, 0.329145, 0.000000, 0.047008
1031, 1079, 0.362142, 0.000000, 0.020452
1032, 1080, 0.327956, 0.000000, -0.002056
1033, 1081, 0.326964, 0.000000, 0.002359
1034, 1082, 0.353630, 0.000000, -0.016373
1035, 1083, 0.297728, 0.000000, -0.022872
1036, 1084, 0.290726, 0.000000, -0.002536
1037, 1085, 0.227397, 0.000000, 0.022664
1038, 1086, 0.195130, 0.000000, -0.014984
1039, 1087, 0.173635, 0.000000, -0.009453
1040, 1088, 0.124870, 0.000000, -0.017969
1041, 1089, 0.099677, 0.000000, 0.008356
1042, 1090, 0.057118, 0.000000, 0.050177
1043, 1091, 0.027984, 0.000000, 0.109314
1044, 1092, 0.000970, 0.000000, 1.885289
1045, 1093, 0.015869, 0.000000, 0.876636
1046, 1094, 0.004914, 0.000000, -0.283541
1047, 1095, 0.002802, 0.000000, -1.101430
1048, 1096, 0.004126, 0.000000, 1.165574
1049, 1097, 0.004354, 0.000000, -0.354669
1050, 1098, 0.001118, 0.000000, -2.572189
1051, 1099, 0.001348, 0.000000, 3.142121
1052, 1100, 0.002682, 0.000000, 0.093953
1053, 1101, 0.000879, 0.000000, 5.624141
1054, 1102, 0.003925, 0.000000, -0.836754
