#time(s),x(m),y(m),theta(m)
1317357627076760860, 2.062974,0.431937,0.029832
1317357627180372440, 2.259710,0.517743,0.038479
1317357627282525874, 2.464748,0.614594,0.048774
1317357627377079269, 2.671188,0.719090,0.061295
1317357627481286930, 2.872094,0.828081,0.075630
1317357627583459235, 3.077252,0.954879,0.091774
1317357627687233137, 3.278915,1.081805,0.111100
1317357627790653268, 3.486182,1.222080,0.134105
1317357627894518095, 3.692007,1.374615,0.161635
1317357627997210296, 3.889622,1.547390,0.195071
1317357628098068320, 4.079845,1.745346,0.236108
1317357628208963366, 4.269001,1.953374,0.284784
1317357628309771572, 4.455120,2.162930,0.341963
1317357628411948678, 4.640930,2.396495,0.408789
1317357628522800247, 4.809953,2.628781,0.484668
1317357628623536642, 4.970107,2.884543,0.568871
1317357628725218557, 5.130051,3.166344,0.662770
1317357628838209824, 5.262848,3.458786,0.764688
1317357628932188567, 5.394415,3.776525,0.871095
1317357629045615728, 5.507099,4.115070,0.979058
1317357629138836414, 5.595034,4.462064,1.083972
1317357629241713614, 5.673492,4.826059,1.182254
1317357629352753901, 5.723506,5.188174,1.270849
1317357629453511250, 5.770939,5.570781,1.347596
1317357629555375201, 5.786165,5.968244,1.412603
1317357629656922335, 5.788672,6.382257,1.466821
1317357629757938747, 5.786479,6.798061,1.510727
1317357629869050055, 5.771761,7.252726,1.548166
1317357629970832577, 5.749953,7.727230,1.579841
1317357630073311238, 5.707796,8.206647,1.605553
1317357630189350040, 5.659776,8.699659,1.624467
1317357630272665539, 5.612025,9.225378,1.638780
1317357630380694958, 5.548535,9.786424,1.649577
1317357630481693945, 5.472162,10.344046,1.657119
1317357630582438629, 5.399892,10.921930,1.662808
1317357630693381644, 5.324878,11.518423,1.665928
1317357630785097348, 5.251156,12.123851,1.666679
1317357630897412728, 5.191950,12.761364,1.665975
1317357630999656405, 5.113428,13.394384,1.664619
1317357631100496253, 5.031746,14.046159,1.663115
1317357631211479094, 4.957865,14.716649,1.661717
1317357631312166816, 4.886755,15.406308,1.660537
1317357631423014044, 4.817094,16.108592,1.659168
1317357631523823398, 4.743437,16.835422,1.657612
1317357631624906685, 4.659507,17.573689,1.656202
1317357631735767256, 4.582615,18.321369,1.654742
1317357631836883133, 4.506891,19.074050,1.653186
1317357631940497230, 4.437251,19.837830,1.652108
1317357632051397687, 4.359805,20.626070,1.650928
1317357632152256156, 4.290541,21.434610,1.649998
1317357632253063502, 4.222623,22.237187,1.649028
1317357632357508571, 4.156499,23.035351,1.648454
1317357632460214639, 4.083979,23.845192,1.648125
1317357632571091288, 4.018906,24.666615,1.648396
1317357632671953882, 3.943031,25.503322,1.648787
1317357632782764339, 3.865700,26.348325,1.648995
1317357632883570432, 3.789267,27.209091,1.649231
1317357632985161680, 3.708420,28.071409,1.649836
1317357633086023675, 3.621158,28.916662,1.650286
1317357633188372601, 3.548883,29.737882,1.650349
1317357633307934685, 3.472247,30.570005,1.650686
1317357633408973878, 3.383827,31.409600,1.650809
1317357633516299115, 3.302810,32.257720,1.650806
1317357633617183081, 3.222478,33.092326,1.650692
1317357633718676291, 3.145916,33.913768,1.650532
1317357633825821346, 3.067296,34.738931,1.650155
1317357633927605831, 2.987114,35.575511,1.649798
1317357634029901176, 2.911365,36.416083,1.649128
1317357634125404872, 2.834410,37.251054,1.648849
1317357634227961397, 2.765951,38.083914,1.648677
1317357634341859323, 2.694107,38.921169,1.648595
1317357634436406184, 2.623773,39.749030,1.648487
1317357634549462622, 2.547406,40.566261,1.648162
1317357634653869425, 2.472050,41.393477,1.647819
1317357634759062369, 2.395802,42.233082,1.647626
1317357634861302734, 2.317003,43.061764,1.647872
1317357634962573119, 2.248360,43.884435,1.648558
1317357635063483676, 2.176565,44.708666,1.649360
1317357635174989210, 2.106130,45.536832,1.650136
1317357635277137266, 2.039515,46.361615,1.651787
1317357635378253968, 1.964916,47.177643,1.653352
1317357635489146641, 1.889928,48.001182,1.655066
1317357635706810266, 1.724719,49.630679,1.657091
1317357635799860901, 1.638733,50.426644,1.657983
1317357635913707728, 1.553084,51.224745,1.659001
1317357636015751405, 1.468263,52.025985,1.659831
1317357636216050992, 1.297751,53.598324,1.661341
1317357636331795543, 1.212550,54.374791,1.661820
1317357636432871557, 1.132601,55.154563,1.662014
1317357636526030436, 1.050042,55.927576,1.662529
1317357636628607425, 0.965749,56.701596,1.662662
1317357636733626166, 0.883657,57.475050,1.663084
1317357636838266955, 0.807825,58.225186,1.663579
1317357636940202805, 0.729609,58.968915,1.663745
1317357637041695789, 0.650257,59.705558,1.663808
1317357637152668585, 0.562763,60.429901,1.663615
1317357637253695304, 0.485509,61.142977,1.662668
1317357637356463144, 0.409548,61.830046,1.660730
1317357637457454809, 0.340536,62.505017,1.657471
1317357637568553064, 0.280744,63.162728,1.652663
1317357637669433232, 0.223469,63.804389,1.646690
1317357637772132057, 0.167054,64.438835,1.639008
1317357637884100779, 0.113049,65.057135,1.628390
1317357637985274783, 0.071824,65.651148,1.614990
1317357638086134139, 0.049238,66.232987,1.597363
1317357638198864921, 0.043247,66.793779,1.575636
1317357638303645191, 0.046738,67.327864,1.549258
1317357638405058773, 0.074395,67.841136,1.517130
1317357638505912046, 0.121497,68.324095,1.476977
1317357638617441011, 0.172616,68.792200,1.430396
1317357638718405716, 0.251823,69.251605,1.375707
1317357638829667413, 0.348734,69.686522,1.310416
1317357638930539542, 0.477475,70.127209,1.234971
1317357639031581247, 0.637257,70.542615,1.151211
1317357639142493068, 0.817636,70.941094,1.059879
1317357639243502902, 1.019412,71.324394,0.962032
1317357639345491288, 1.235355,71.705287,0.863200
1317357639456421096, 1.485671,72.071814,0.768989
1317357639557441065, 1.750016,72.420174,0.680447
1317357639671316621, 2.036461,72.740292,0.596217
1317357639762354645, 2.325393,73.042957,0.516612
1317357639873210463, 2.611963,73.338189,0.442152
1317357639974241847, 2.919517,73.625523,0.372367
1317357640077947885, 3.259228,73.899730,0.308490
1317357640189294895, 3.639323,74.165893,0.251915
1317357640290414008, 4.045884,74.410994,0.203015
1317357640391443746, 4.488107,74.657445,0.161295
1317357640496307108, 4.959235,74.889875,0.127480
1317357640598435225, 5.457051,75.120570,0.100930
1317357640709715809, 5.973429,75.325566,0.080056
1317357640810837619, 6.526491,75.517639,0.064270
1317357640912021865, 7.103838,75.701072,0.052543
1317357641013138668, 7.690359,75.867278,0.044180
1317357641115044525, 8.291629,76.027073,0.037674
1317357641216191170, 8.918263,76.189155,0.032580
1317357641327337858, 9.541321,76.348714,0.028529
1317357641428350710, 10.193666,76.502914,0.025237
1317357641529357040, 10.837608,76.636520,0.022375
1317357641630308720, 11.498515,76.763954,0.019448
1317357641741428624, 12.183511,76.898467,0.016585
1317357641833669337, 12.889953,77.016627,0.014022
1317357641946805910, 13.613001,77.132402,0.011928
1317357642040870696, 14.328474,77.240960,0.010291
1317357642152035815, 15.069477,77.336700,0.008952
1317357642253009198, 15.836742,77.435240,0.007905
1317357642364227064, 16.614147,77.528271,0.007036
1317357642469998755, 17.393234,77.633328,0.006421
1317357642581515073, 18.159836,77.724691,0.005870
1317357642729448885, 18.921685,77.804064,0.005520
1317357642848492249, 19.686616,77.885981,0.005218
1317357642977747272, 20.448776,77.963029,0.004913
1317357643061786864, 21.214205,78.036442,0.004654
1317357643122399611, 21.983850,78.108357,0.004377
1317357643218212200, 22.756370,78.183527,0.004138
1317357643331351078, 23.508303,78.268090,0.004014
1317357643422284431, 24.264881,78.339349,0.003934
1317357643526421516, 25.017545,78.413660,0.003842
1317357643639943967, 25.783242,78.484800,0.003685
1317357643736850746, 26.543548,78.557002,0.003427
1317357643828664552, 27.307546,78.625972,0.003202
1317357643922335631, 28.055556,78.686063,0.002987
1317357644046192709, 28.811970,78.740473,0.002884
1317357644156088467, 29.575224,78.799465,0.002810
1317357644263458363, 30.319279,78.864624,0.002729
1317357644359727712, 31.083645,78.917462,0.002681
1317357644470859193, 31.849971,78.971346,0.002631
1317357644603970918, 32.622503,79.036551,0.002589
1317357644695797914, 33.405086,79.098967,0.002582
1317357644766627132, 34.190790,79.161957,0.002696
1317357644882863228, 34.986396,79.215006,0.002837
1317357645013276476, 35.780238,79.287232,0.003061
1317357645113305679, 36.584947,79.361264,0.003307
1317357645204198555, 37.377583,79.433189,0.003591
1317357645286405208, 38.190785,79.508547,0.003832
1317357645377203348, 39.026987,79.589025,0.004027
1317357645478741438, 39.859804,79.671803,0.004191
1317357645612477753, 40.685665,79.739533,0.004376
1317357645697641033, 41.533348,79.826311,0.004501
1317357645798769805, 42.379718,79.909042,0.004588
1317357645910263800, 43.236318,79.995029,0.004619
1317357646011350645, 44.083045,80.080760,0.004524
1317357646102278004, 44.947854,80.173191,0.004331
1317357646215904691, 45.808967,80.256047,0.004174
1317357646318472761, 46.674557,80.334514,0.004029
1317357646423745969, 47.547221,80.415665,0.003889
1317357646527158028, 48.410656,80.490710,0.003719
1317357646630258457, 49.295305,80.571673,0.003616
1317357646733833445, 50.180690,80.643864,0.003556
1317357646849129243, 51.054057,80.723469,0.003454
1317357646956482626, 51.902275,80.798774,0.003391
1317357647058468285, 52.751597,80.882259,0.003371
1317357647150743185, 53.611030,80.959749,0.003327
1317357647253827754, 54.459976,81.046728,0.003327
1317357647369973707, 55.319540,81.119971,0.003270
1317357647472783180, 56.177492,81.182497,0.003200
1317357647585961051, 57.039871,81.259826,0.003154
1317357647680184431, 57.895578,81.319696,0.003188
1317357647796536019, 58.739389,81.386872,0.003415
1317357647889102443, 59.565436,81.446063,0.003616
1317357647992090037, 60.390662,81.519965,0.003857
1317357648097602261, 61.220379,81.592682,0.004112
1317357648204158491, 62.040036,81.669573,0.004449
1317357648305322868, 62.864231,81.762149,0.004870
1317357648398448734, 63.684422,81.846383,0.005203
1317357648520814593, 64.490273,81.948241,0.005583
1317357648618858267, 65.296165,82.050318,0.005956
1317357648730198109, 66.104292,82.147507,0.006339
1317357648835982386, 66.906287,82.245932,0.006737
1317357648937205182, 67.708389,82.335984,0.007290
1317357649031472476, 68.496345,82.440993,0.008034
1317357649127052754, 69.288129,82.545873,0.008799
1317357649238986785, 70.057153,82.653492,0.009659
1317357649347639806, 70.822993,82.782067,0.010502
1317357649438651774, 71.590602,82.903353,0.011446
1317357649550179482, 72.357729,83.027871,0.012421
1317357649647710758, 73.128275,83.168841,0.013330
1317357649771670483, 73.895047,83.307827,0.014089
1317357649852579648, 74.662539,83.451784,0.015094
1317357649960857225, 75.422386,83.591601,0.016219
1317357650061938345, 76.165309,83.727560,0.017525
1317357650159872205, 76.902412,83.876588,0.019323
1317357650291199329, 77.642534,84.034892,0.021298
1317357650397426974, 78.393359,84.201465,0.023644
1317357650488418690, 79.150727,84.388090,0.026183
1317357650580107151, 79.887672,84.585662,0.028913
1317357650799308072, 81.343479,84.974958,0.035031
1317357650903575033, 82.043041,85.185320,0.038542
1317357651008999053, 82.753536,85.397563,0.042384
1317357651120096557, 83.475168,85.630951,0.046326
1317357651310134837, 84.925566,86.128034,0.054169
1317357651411852976, 85.641488,86.380679,0.058869
1317357651505020191, 86.346313,86.637546,0.063634
1317357651607539594, 87.048512,86.897347,0.067591
1317357651722553723, 87.739792,87.174666,0.071104
1317357651827346565, 88.429695,87.444727,0.074409
1317357651941420974, 89.123535,87.740120,0.077781
1317357652035067936, 89.833504,88.037237,0.081435
1317357652148544449, 90.547276,88.336792,0.085147
1317357652253301118, 91.259155,88.644583,0.088622
1317357652350224884, 91.962475,88.965451,0.091802
1317357652451950421, 92.653397,89.293391,0.094689
1317357652553816355, 93.341225,89.612544,0.097829
1317357652668048001, 94.033513,89.925147,0.100614
1317357652762303491, 94.723869,90.256896,0.103007
1317357652866783982, 95.422129,90.604950,0.105555
1317357652980103110, 96.120319,90.945139,0.108225
1317357653085355501, 96.815144,91.278212,0.111126
1317357653199997757, 97.493567,91.625319,0.114149
1317357653300910783, 98.184817,91.974527,0.117123
1317357653386863388, 98.880884,92.341591,0.120287
1317357653499673129, 99.581528,92.705959,0.122808
1317357653585849458, 100.266641,93.077188,0.125509
1317357653696858509, 100.952573,93.443113,0.128244
1317357653791264577, 101.644051,93.805048,0.131306
1317357653904924275, 102.312803,94.165815,0.134006
1317357654000104084, 102.984018,94.531013,0.136771
1317357654113305591, 103.653858,94.902190,0.139673
1317357654207478104, 104.318398,95.270146,0.142456
1317357654321705970, 104.971457,95.642874,0.145712
1317357654427225776, 105.612900,96.021055,0.148986
1317357654518832134, 106.255881,96.388969,0.151676
1317357654633853335, 106.889571,96.772889,0.154408
1317357654737437379, 107.532393,97.159083,0.156814
1317357654830603742, 108.161499,97.529586,0.158480
1317357654935093014, 108.768274,97.894968,0.160596
1317357655037908621, 109.366739,98.247653,0.162953
1317357655142707118, 109.957190,98.599502,0.165160
1317357655248498634, 110.522868,98.948760,0.167458
1317357655361953845, 111.075894,99.289852,0.169747
1317357655453791352, 111.606957,99.622302,0.171684
1317357655559109834, 112.127034,99.937759,0.173182
1317357655661997920, 112.622647,100.237837,0.174771
1317357655756297340, 113.103000,100.540415,0.176570
1317357655871505489, 113.558188,100.829693,0.178518
1317357655973381756, 113.987345,101.098210,0.180079
1317357656079641596, 114.400196,101.359267,0.181458
1317357656181733457, 114.798657,101.620718,0.183521
1317357656287003281, 115.175767,101.875094,0.186731
1317357656399730237, 115.552741,102.109099,0.190192
1317357656493272000, 115.897877,102.341139,0.194552
1317357656597197071, 116.228224,102.578211,0.199547
1317357656701256667, 116.527844,102.795725,0.204507
1317357656807775475, 116.829186,103.015592,0.209700
1317357656909079209, 117.115388,103.220594,0.215810
1317357657022158228, 117.386022,103.412272,0.223145
1317357657116601383, 117.630734,103.603629,0.232161
1317357657220388949, 117.855125,103.781095,0.243751
1317357657336950379, 118.063556,103.961849,0.257888
1317357657428462422, 118.245830,104.146642,0.275288
1317357657541415007, 118.425007,104.313275,0.295021
1317357657645860276, 118.586488,104.494007,0.318205
1317357657758267295, 118.732076,104.654490,0.341889
1317357657851264758, 118.863657,104.809636,0.366551
1317357657957814215, 118.991226,104.982696,0.392557
1317357658069208931, 119.132545,105.163536,0.421235
1317357658173832588, 119.270738,105.336491,0.452933
1317357658277047401, 119.402833,105.512185,0.488262
1317357658379968527, 119.527616,105.704929,0.527598
1317357658484311783, 119.643191,105.908679,0.572323
1317357658588195578, 119.741760,106.102254,0.618411
1317357658683197835, 119.845622,106.291432,0.667170
1317357658799297193, 119.940731,106.485743,0.717785
1317357658900287001, 120.030936,106.689821,0.769979
1317357659015712548, 120.118494,106.895475,0.825061
1317357659118011011, 120.193234,107.111462,0.883609
1317357659220609637, 120.272045,107.337361,0.946365
1317357659323930209, 120.354745,107.586508,1.012370
1317357659418622333, 120.429856,107.858044,1.083922
1317357659531240953, 120.496002,108.147777,1.157811
1317357659627468764, 120.548645,108.453669,1.231592
1317357659729008336, 120.597835,108.774761,1.304649
1317357659843721714, 120.627941,109.115525,1.375959
1317357659948379447, 120.639225,109.465977,1.442214
1317357660040234382, 120.636174,109.827459,1.504632
1317357660143008313, 120.623327,110.197472,1.562204
1317357660257452194, 120.589215,110.579474,1.614413
1317357660352682959, 120.529040,110.968957,1.661048
1317357660458965202, 120.443431,111.358798,1.702556
1317357660570264886, 120.332932,111.759213,1.738768
1317357660673344151, 120.198600,112.166350,1.770757
1317357660779925921, 120.057129,112.595552,1.799072
1317357660870835128, 119.885186,113.022847,1.824226
1317357660985862559, 119.669102,113.462116,1.846215
1317357661079238731, 119.427452,113.901881,1.865488
1317357661182598420, 119.154554,114.350258,1.881957
1317357661288453342, 118.854137,114.782909,1.895622
1317357661389635508, 118.542693,115.230290,1.906515
1317357661496135652, 118.203243,115.687984,1.914994
1317357661601729418, 117.830276,116.168244,1.921423
1317357661702781824, 117.455410,116.662645,1.926223
1317357661806449533, 117.068040,117.172092,1.930151
1317357661913554431, 116.660307,117.698410,1.933554
1317357662019118429, 116.236169,118.220296,1.936066
1317357662119958511, 115.783546,118.763257,1.938106
1317357662223703759, 115.329389,119.307235,1.939897
1317357662331041756, 114.870197,119.859268,1.941334
1317357662435765192, 114.393220,120.430165,1.942406
1317357662536751506, 113.903477,121.016170,1.943146
1317357662640678389, 113.401331,121.618037,1.943489
1317357662745926732, 112.885992,122.227547,1.943664
1317357662850771234, 112.358610,122.849065,1.943846
1317357662963363905, 111.819489,123.480496,1.944027
1317357663067866889, 111.266955,124.130815,1.944241
1317357663162671563, 110.703408,124.778385,1.944416
1317357663266504693, 110.140598,125.437120,1.944697
1317357663371412432, 109.571565,126.112118,1.944935
1317357663474872794, 108.990676,126.792751,1.945102
1317357663577312582, 108.412516,127.473121,1.945281
1317357663683172784, 107.820975,128.164739,1.945506
1317357663797241132, 107.213123,128.882153,1.945679
1317357663890585785, 106.602116,129.597916,1.946066
1317357663993137579, 105.986716,130.314327,1.946311
1317357664100168441, 105.355157,131.040230,1.946565
1317357664202789012, 104.714387,131.769008,1.946528
1317357664307004783, 104.056035,132.516445,1.946478
1317357664409439102, 103.400084,133.269845,1.946498
1317357664505860434, 102.756428,134.028832,1.946561
1317357664617496187, 102.103094,134.790190,1.946681
1317357664722708285, 101.445064,135.544531,1.946681
1317357664826331999, 100.786751,136.303756,1.946696
1317357664929960037, 100.126237,137.062550,1.946760
1317357665034661602, 99.474750,137.809184,1.946819
1317357665137555360, 98.824832,138.557719,1.946925
1317357665250922295, 98.170879,139.313692,1.947020
1317357665356266303, 97.528676,140.062034,1.947160
1317357665448540460, 96.883814,140.808544,1.947332
1317357665563117953, 96.235347,141.547695,1.947567
1317357665671356755, 95.586961,142.291632,1.947814
1317357665762732091, 94.940548,143.028909,1.948051
1317357665865447299, 94.293280,143.773677,1.948329
1317357665968967266, 93.646287,144.507880,1.948439
1317357666073401708, 93.000344,145.234586,1.948497
1317357666176956540, 92.349601,145.970829,1.948525
1317357666289943614, 91.707768,146.713981,1.948326
1317357666386937032, 91.061351,147.439751,1.948006
1317357666498547510, 90.413171,148.176276,1.947633
1317357666601606400, 89.767419,148.917167,1.947245
1317357666697142188, 89.122908,149.661499,1.946870
1317357666809524952, 88.472190,150.408622,1.946620
1317357666904854670, 87.826327,151.159616,1.946380
1317357667030540953, 87.183183,151.904951,1.946282
1317357667121508421, 86.538488,152.657417,1.946160
1317357667251174592, 85.896769,153.393216,1.946064
1317357667331921336, 85.259209,154.134199,1.946051
1317357667432866628, 84.608501,154.878495,1.946098
1317357667527614941, 83.980550,155.614484,1.946138
1317357667640090990, 83.350940,156.354490,1.946312
1317357667746436288, 82.711500,157.091338,1.946437
1317357667849090714, 82.069738,157.826341,1.946699
1317357667953379643, 81.439653,158.560339,1.946872
1317357668057605746, 80.797259,159.299221,1.947050
1317357668161784821, 80.164768,160.032604,1.947175
1317357668262795683, 79.535356,160.755817,1.947380
1317357668359304372, 78.904406,161.482554,1.947513
1317357668461714687, 78.280483,162.202898,1.947613
1317357668574836914, 77.653029,162.918046,1.947445
1317357668679339991, 77.029310,163.628654,1.947277
1317357668775399243, 76.396497,164.345755,1.947109
1317357668886950719, 75.775468,165.060606,1.946980
1317357668991177415, 75.154296,165.770963,1.946789
1317357669097361449, 74.533484,166.483228,1.946656
1317357669200590955, 73.923962,167.190178,1.946435
1317357669302763756, 73.305905,167.897909,1.946283
1317357669418488792, 72.702145,168.615801,1.946070
1317357669615244720, 71.506903,170.008495,1.945866
1317357669719192037, 70.907656,170.707395,1.945628
1317357669820817358, 70.314303,171.393781,1.945361
1317357669925744854, 69.724146,172.072042,1.945179
1317357670032060863, 69.145482,172.746239,1.945081
1317357670136150481, 68.581081,173.411662,1.945084
1317357670238103759, 68.011540,174.072584,1.945119
1317357670356897341, 67.457678,174.718969,1.945100
1317357670447812463, 66.900245,175.356578,1.945111
1317357670548990802, 66.359951,175.985547,1.945081
1317357670665851018, 65.828248,176.609645,1.945102
1317357670774340334, 65.300308,177.222731,1.945196
1317357670885668546, 64.775632,177.835021,1.945268
1317357670966392704, 64.266960,178.437487,1.945271
1317357671080346737, 63.759392,179.029931,1.945334
1317357671171211715, 63.261918,179.615810,1.945401
1317357671289191639, 62.785073,180.174224,1.945484
1317357671380083537, 62.312033,180.727617,1.945688
1317357671486045201, 61.846729,181.276143,1.945932
1317357671587905267, 61.389202,181.812797,1.946198
1317357671705276857, 60.936998,182.335724,1.946752
1317357671818436887, 60.493280,182.841106,1.947695
1317357671920823205, 60.045754,183.338637,1.949095
1317357672118347160, 59.164000,184.285088,1.953911
1317357672210109210, 58.714573,184.746906,1.956840
1317357672313140944, 58.270436,185.196823,1.960273
1317357672418708086, 57.815999,185.632562,1.964209
1317357672532400529, 57.369132,186.033545,1.968581
1317357672623537809, 56.908695,186.428219,1.973470
1317357672750814269, 56.431777,186.795826,1.978752
1317357672857482481, 55.961593,187.143452,1.984078
1317357672959289296, 55.484354,187.452051,1.989500
1317357673061141912, 55.005771,187.732606,1.994991
1317357673165300076, 54.524886,188.008160,2.000484
1317357673269520286, 54.035139,188.235567,2.006062
1317357673376151998, 53.555627,188.434911,2.011323
1317357673499561201, 53.073684,188.602298,2.016010
1317357673590491453, 52.597442,188.744542,2.020027
1317357673686058812, 52.109460,188.864562,2.023610
1317357673798549359, 51.616288,188.968640,2.026705
1317357673890782732, 51.128036,189.055876,2.029318
1317357673998468838, 50.639094,189.121765,2.031392
1317357674099508866, 50.146596,189.144474,2.032977
1317357674202728393, 49.660339,189.136061,2.034021
1317357674306913973, 49.183023,189.112414,2.034528
1317357674420338066, 48.708064,189.079908,2.034495
1317357674526691033, 48.241636,189.036526,2.033909
1317357674621877413, 47.801372,188.958457,2.032772
1317357674735275501, 47.360576,188.862199,2.031134
1317357674837002262, 46.925058,188.732776,2.028951
1317357674930734677, 46.504561,188.577133,2.026194
1317357675032938586, 46.084497,188.418438,2.022842
1317357675138666721, 45.682730,188.244858,2.019180
1317357675232068756, 45.280090,188.028964,2.015259
1317357675345355859, 44.877712,187.793212,2.011068
1317357675450536366, 44.480944,187.554431,2.006922
1317357675545387574, 44.094992,187.314112,2.002926
1317357675648514448, 43.709926,187.046409,1.999061
1317357675739368695, 43.321379,186.768643,1.995444
1317357675843805107, 42.947563,186.471949,1.992339
1317357675948293560, 42.568875,186.179881,1.989711
1317357676053527428, 42.182221,185.868515,1.987546
1317357676168388482, 41.789130,185.545380,1.985780
1317357676259335837, 41.380611,185.210720,1.984307
1317357676367575890, 40.972259,184.866966,1.983117
1317357676468971171, 40.559343,184.520067,1.982249
1317357676576389037, 40.128328,184.166786,1.981537
1317357676668800852, 39.699365,183.793143,1.980962
1317357676780931138, 39.272274,183.417610,1.980479
1317357676892040659, 38.840393,183.033709,1.980237
1317357676993067510, 38.379834,182.644730,1.980105
1317357677095204964, 37.900057,182.253870,1.980106
1317357677200022978, 37.420017,181.849874,1.980309
1317357677410134931, 36.445082,180.999653,1.980367
1317357677511598966, 35.927747,180.561567,1.980444
1317357677616593028, 35.384363,180.106269,1.980580
1317357677718124880, 34.843037,179.647305,1.980659
1317357677822426844, 34.288336,179.169598,1.980762
1317357677929407856, 33.713348,178.682988,1.980682
1317357678031928216, 33.126099,178.186889,1.980602
1317357678138069031, 32.530403,177.680158,1.980632
1317357678240334414, 31.904190,177.154960,1.980746
1317357678369756781, 31.277424,176.630023,1.980704
1317357678450470572, 30.657094,176.092779,1.980619
1317357678552026722, 30.011408,175.556187,1.980497
1317357678655137337, 29.361124,175.007770,1.980422
1317357678759187903, 28.690228,174.451947,1.980449
1317357678864863274, 28.015367,173.891431,1.980498
1317357678969004109, 27.332356,173.316611,1.980464
1317357679073390522, 26.647348,172.751650,1.980397
1317357679191324790, 25.956168,172.168951,1.980407
1317357679312535915, 25.241741,171.577237,1.980426
1317357679411690331, 24.533736,170.974440,1.980560
1317357679502759707, 23.816231,170.370314,1.980725
1317357679593744926, 23.100600,169.767303,1.980825
1317357679702007458, 22.371578,169.156861,1.980998
1317357679802839843, 21.655063,168.567779,1.981070
1317357679907442014, 20.930054,167.979506,1.981126
1317357680008479536, 20.207441,167.382026,1.981215
1317357680110771864, 19.486254,166.776343,1.981333
1317357680207964201, 18.755294,166.178860,1.981279
1317357680318974823, 18.032892,165.586416,1.981368
1317357680423136408, 17.330846,164.991269,1.981403
1317357680528982063, 16.626879,164.397383,1.981454
1317357680630206032, 15.918239,163.806001,1.981595
1317357680737050069, 15.207733,163.206376,1.981772
1317357680827926165, 14.486796,162.615208,1.981947
1317357680932636175, 13.786025,162.032230,1.982144
1317357681046321616, 13.091769,161.454106,1.982666
1317357681150107448, 12.401850,160.883015,1.983688
1317357681257310286, 11.698019,160.317868,1.985140
1317357681361449825, 10.993534,159.767326,1.987011
1317357681455392409, 10.281943,159.234886,1.989319
1317357681556465886, 9.565735,158.717352,1.992004
1317357681670576860, 8.832716,158.213039,1.995049
1317357681775364703, 8.095323,157.729957,1.998430
1317357681894271207, 7.351102,157.265845,2.002156
1317357681985307467, 6.586870,156.826631,2.006008
1317357682087243576, 5.810893,156.410730,2.009768
1317357682184679457, 5.039473,156.030433,2.013104
1317357682298160267, 4.266533,155.683068,2.016102
1317357682399418470, 3.490196,155.363477,2.018871
1317357682508130575, 2.696348,155.057772,2.021455
1317357682609141006, 1.898339,154.776375,2.023750
1317357682711673953, 1.071444,154.512662,2.025629
1317357682818805841, 0.230911,154.279229,2.027127
1317357682919913974, -0.610080,154.064151,2.028271
1317357683025860844, -1.455291,153.861653,2.029244
1317357683127785245, -2.315673,153.672321,2.030154
1317357683232520354, -3.187219,153.502668,2.030927
1317357683325178836, -4.077842,153.349238,2.031562
1317357683438573228, -4.959943,153.200636,2.032061
1317357683542804743, -5.857123,153.072817,2.032453
1317357683648145820, -6.785797,152.948566,2.032750
1317357683750530018, -7.723670,152.847362,2.033002
1317357683855234812, -8.663759,152.724259,2.033189
1317357683956869208, -9.628061,152.609215,2.033236
1317357684061192009, -10.572607,152.488605,2.033225
1317357684169105781, -11.531790,152.369238,2.033218
1317357684259882954, -12.502043,152.238538,2.033245
1317357684371875492, -13.482240,152.110693,2.033269
1317357684477721902, -14.470120,151.986390,2.033286
1317357684579414745, -15.480683,151.860838,2.033294
1317357684697595594, -16.487905,151.733234,2.033268
1317357684788658435, -17.501701,151.604007,2.033234
1317357684892165859, -18.534765,151.473630,2.033189
1317357684995670120, -19.561201,151.345337,2.033156
1317357685099909818, -20.589015,151.206184,2.033156
1317357685202638279, -21.626770,151.083819,2.033192
1317357685297886682, -22.678568,150.950648,2.033237
1317357685400436384, -23.737267,150.813853,2.033282
1317357685505008835, -24.792041,150.691904,2.033316
1317357685715211316, -26.888748,150.442981,2.033392
1317357685816958119, -27.934321,150.319102,2.033429
1317357685918392931, -28.970539,150.196879,2.033441
1317357686023151406, -30.014181,150.073814,2.033441
1317357686212222848, -32.094697,149.836117,2.033470
1317357686324928921, -33.134022,149.717761,2.033513
1317357686427208845, -34.165743,149.610284,2.033580
1317357686538576551, -35.209249,149.494908,2.033641
1317357686639368987, -36.229904,149.386576,2.033689
1317357686740215666, -37.262688,149.272742,2.033738
1317357686843227400, -38.292470,149.176712,2.033805
1317357686946354060, -39.313649,149.074647,2.033870
1317357687051084718, -40.331200,148.982485,2.033935
1317357687146280407, -41.337894,148.894035,2.033977
1317357687247830187, -42.333355,148.803195,2.034009
1317357687348881362, -43.353567,148.723102,2.034034
1317357687459903102, -44.377333,148.638217,2.034061
1317357687561074884, -45.381183,148.552691,2.034072
1317357687665618416, -46.386870,148.469978,2.034074
1317357687777893343, -47.380848,148.384169,2.034052
1317357687881673840, -48.372456,148.300592,2.034031
1317357687985928883, -49.369724,148.222876,2.034021
1317357688081325486, -50.368248,148.143779,2.034018
1317357688192323590, -51.355395,148.071377,2.034012
1317357688307136772, -52.342936,147.991062,2.034007
1317357688400157990, -53.323450,147.912182,2.034009
1317357688496472712, -54.314164,147.834874,2.034003
1317357688608565182, -55.282220,147.753311,2.033990
1317357688702278217, -56.247498,147.665326,2.033963
1317357688816263962, -57.209727,147.586179,2.033929
1317357688921941196, -58.180377,147.497024,2.033874
1317357689026253901, -59.136941,147.410639,2.033820
1317357689127314659, -60.101836,147.320241,2.033774
1317357689231598728, -61.047782,147.229347,2.033731
1317357689328152021, -61.984124,147.143697,2.033718
1317357689439904952, -62.910757,147.044137,2.033724
1317357689542874991, -63.830181,146.952498,2.033740
1317357689646842845, -64.737077,146.863999,2.033772
1317357689751822690, -65.635257,146.780746,2.033800
1317357689845410306, -66.523086,146.693253,2.033836
1317357689949492983, -67.383307,146.611269,2.033899
1317357690052144987, -68.227811,146.536749,2.033991
1317357690168331431, -69.056187,146.472878,2.034100
1317357690271827954, -69.859578,146.417024,2.034217
1317357690377569652, -70.651419,146.368665,2.034327
1317357690479693620, -71.408249,146.332630,2.034421
1317357690572793029, -72.158041,146.299426,2.034495
1317357690686613654, -72.878437,146.276038,2.034557
1317357690782408199, -73.579187,146.253060,2.034603
1317357690895248504, -74.233888,146.244911,2.034630
1317357690988848997, -74.872356,146.238010,2.034645
1317357691102337118, -75.473566,146.239858,2.034652
1317357691194281808, -76.054043,146.241099,2.034654
1317357691305332824, -76.608832,146.239174,2.034671
1317357691416627611, -77.138975,146.243805,2.034691
1317357691612083411, -78.094539,146.249895,2.034690
1317357691724396577, -78.528648,146.261566,2.034689
1317357691826013449, -78.945145,146.283961,2.034685
1317357691928298835, -79.324630,146.297215,2.034685
1317357692029394807, -79.661453,146.295844,2.034692
1317357692142511055, -79.967246,146.295006,2.034701
1317357692248187832, -80.248785,146.303442,2.034702
1317357692351080036, -80.498526,146.296782,2.034706
1317357692454747653, -80.726410,146.291022,2.034708
1317357692559078687, -80.936121,146.290772,2.034699
1317357692667127152, -81.124227,146.291651,2.034675
1317357692767970224, -81.317184,146.294567,2.034661
1317357692870081708, -81.497739,146.300109,2.034663
1317357692985742801, -81.679473,146.290806,2.034671
1317357693088851453, -81.852551,146.287858,2.034674
1317357693192125614, -82.012883,146.274678,2.034667
1317357693286706590, -82.160828,146.275064,2.034656
1317357693391171912, -82.297501,146.270217,2.034638
1317357693497007898, -82.434211,146.268276,2.034618
1317357693608151620, -82.568628,146.256934,2.034590
1317357693701160879, -82.691843,146.237153,2.034543
1317357693806829434, -82.800278,146.224172,2.034489
1317357693920484523, -82.891725,146.208652,2.034436
1317357694024584382, -82.971859,146.195308,2.034375
1317357694127920293, -83.030401,146.187518,2.034320
1317357694222069839, -83.074579,146.181467,2.034264
1317357694337845606, -83.108027,146.173053,2.034221
1317357694440677926, -83.129430,146.172944,2.034191
1317357694544562954, -83.141300,146.169697,2.034162
1317357694647305366, -83.139725,146.166836,2.034152
1317357694755714820, -83.137008,146.168491,2.034152
1317357694867725979, -83.135804,146.169316,2.034145
1317357694959890462, -83.131192,146.171067,2.034134
1317357695077531309, -83.133879,146.171473,2.034133
1317357695168782577, -83.143236,146.169687,2.034135
1317357695262661940, -83.135808,146.169797,2.034131
1317357695388555420, -83.140809,146.171294,2.034133
1317357695490126581, -83.141980,146.172903,2.034133
1317357695587567652, -83.139103,146.169308,2.034129
1317357695688490592, -83.136899,146.170588,2.034128
1317357695791884097, -83.136409,146.170955,2.034128
1317357695897902556, -83.136887,146.172950,2.034128
1317357696011740494, -83.136989,146.174323,2.034126
1317357696116554770, -83.137583,146.176133,2.034124
1317357696311632130, -83.137440,146.177600,2.034121
1317357696418603349, -83.133282,146.174678,2.034119
1317357696519866234, -83.135289,146.176292,2.034118
1317357696625588837, -83.138003,146.176088,2.034115
1317357696728422831, -83.136771,146.177697,2.034110
1317357696829343994, -83.134572,146.179647,2.034105
1317357696940453408, -83.137507,146.180543,2.034097
1317357697051456616, -83.136186,146.180619,2.034092
1317357697145012000, -83.139733,146.179231,2.034087
1317357697249660372, -83.139338,146.180225,2.034086
1317357697344336754, -83.138900,146.180479,2.034086
1317357697456893165, -83.140002,146.182855,2.034082
1317357697560850660, -83.139704,146.182153,2.034080
1317357697661839552, -83.139947,146.181430,2.034078
1317357697773064130, -83.137310,146.181612,2.034076
1317357697874445097, -83.135887,146.181761,2.034074
1317357697987317443, -83.138284,146.179761,2.034072
1317357698092779779, -83.134406,146.181889,2.034071
1317357698186312698, -83.139631,146.181340,2.034070
1317357698288746279, -83.138097,146.182358,2.034068
1317357698405234878, -83.135969,146.181088,2.034067
1317357698508077497, -83.139502,146.177852,2.034062
1317357698611888577, -83.136920,146.181405,2.034061
1317357698808823268, -83.138492,146.181866,2.034060
1317357698915903142, -83.138362,146.182223,2.034061
1317357699028467710, -83.138296,146.182344,2.034061
1317357699121509024, -83.139518,146.182325,2.034059
1317357699236100989, -83.139291,146.184405,2.034059
1317357699329901341, -83.136724,146.185045,2.034059
1317357699432857706, -83.139120,146.183498,2.034059
1317357699537564031, -83.138265,146.183962,2.034059
1317357699641630395, -83.138580,146.182470,2.034059
1317357699756728483, -83.137324,146.183773,2.034059
1317357699861122751, -83.142018,146.182541,2.034059
1317357699957874241, -83.139966,146.178983,2.034059
1317357700058859699, -83.141694,146.182125,2.034057
1317357700162001980, -83.149423,146.183882,2.034046
1317357700265940224, -83.154111,146.175836,2.034008
1317357700370915442, -83.161064,146.173343,2.033975
1317357700486588922, -83.184164,146.167704,2.033922
1317357700578702575, -83.206644,146.163888,2.033836
1317357700691115011, -83.234315,146.154652,2.033733
1317357700796312276, -83.268499,146.144255,2.033609
1317357700902162881, -83.306369,146.134071,2.033448
1317357700995451411, -83.342371,146.118243,2.033244
1317357701107265035, -83.388187,146.107086,2.033006
1317357701212482685, -83.439219,146.087766,2.032725
1317357701409580350, -83.542194,146.047911,2.031968
1317357701515384129, -83.602131,146.022735,2.031470
1317357701617439486, -83.680393,145.991079,2.030851
1317357701730899041, -83.767735,145.958311,2.030119
1317357701825271391, -83.865385,145.915235,2.029300
1317357701938370581, -83.980635,145.868476,2.028397
1317357702047217476, -84.118254,145.819129,2.027376
1317357702138206228, -84.270613,145.755574,2.026181
1317357702239783055, -84.431371,145.678830,2.024733
1317357702350862450, -84.598209,145.597732,2.023099
1317357702451844792, -84.778732,145.505871,2.021263
1317357702562997258, -84.961179,145.414377,2.019181
1317357702658234434, -85.156973,145.304407,2.016757
1317357702769739025, -85.362136,145.176377,2.013893
1317357702875892260, -85.572320,145.037339,2.010458
1317357702978618349, -85.784058,144.883267,2.006285
1317357703081471413, -86.000669,144.698445,2.001196
1317357703188163945, -86.231005,144.500300,1.995127
1317357703289110275, -86.476722,144.267775,1.987821
1317357703392655376, -86.730205,144.015629,1.979076
1317357703487109265, -86.989309,143.745852,1.969090
1317357703600960904, -87.246363,143.443556,1.957993
1317357703702520153, -87.514838,143.101372,1.945774
1317357703809042724, -87.781444,142.716498,1.931993
1317357703910217944, -88.049614,142.300762,1.916658
1317357704016360272, -88.295266,141.843218,1.899598
1317357704118007220, -88.537945,141.350036,1.880465
1317357704224778422, -88.768102,140.825685,1.858658
1317357704340614517, -88.970790,140.278579,1.834321
1317357704454015286, -89.157575,139.704692,1.807601
1317357704548471943, -89.300627,139.100931,1.778666
1317357704661758500, -89.412689,138.485369,1.747752
1317357704756594104, -89.504380,137.846558,1.716275
1317357704858562165, -89.575673,137.188390,1.686065
1317357704964795694, -89.617612,136.476901,1.659175
1317357705068702773, -89.644489,135.749533,1.635971
1317357705184415335, -89.655063,134.987948,1.617112
1317357705394439846, -89.653446,133.376928,1.587534
1317357705516205228, -89.648225,132.540021,1.573595
1317357705630532225, -89.640248,131.687838,1.558710
1317357705755463570, -89.609386,130.806314,1.543864
1317357705848438807, -89.563056,129.906588,1.530646
1317357705918985999, -89.498818,128.988049,1.520509
1317357706044608280, -89.433162,128.056991,1.514532
1317357706152497036, -89.366900,127.072622,1.511841
1317357706229245931, -89.306570,126.086285,1.510917
1317357706411115859, -89.185195,124.024804,1.506255
1317357706539538626, -89.111208,122.961735,1.501486
1317357706651993410, -89.035141,121.883826,1.496210
1317357706754270613, -88.948380,120.790204,1.491206
1317357706859241466, -88.857296,119.686686,1.485353
1317357706929908265, -88.760027,118.558019,1.479718
1317357707060467040, -88.655158,117.415124,1.473887
1317357707171667092, -88.548273,116.261833,1.468737
1317357707270545967, -88.435964,115.102092,1.466475
1317357707381711233, -88.314880,113.924667,1.466505
1317357707474690268, -88.197983,112.727759,1.467863
1317357707579196674, -88.078043,111.521117,1.469193
1317357707660095570, -87.967644,110.310595,1.469920
1317357707763024224, -87.853912,109.107185,1.470596
1317357707890719951, -87.744927,107.910385,1.471106
1317357707999683377, -87.631029,106.723932,1.472130
1317357708080502291, -87.525334,105.540358,1.472634
1317357708181617165, -87.410039,104.348633,1.473392
1317357708387788210, -87.191025,101.967871,1.474814
1317357708598264583, -86.977511,99.592139,1.475908
1317357708700554493, -86.873561,98.419895,1.476505
1317357708796560039, -86.761844,97.238072,1.476858
1317357709014460729, -86.549329,94.881744,1.477924
1317357709140023466, -86.443664,93.710995,1.478431
1317357709220872682, -86.340247,92.552616,1.479060
1317357709336786031, -86.235857,91.378242,1.479056
1317357709427702592, -86.130070,90.219977,1.479353
1317357709556353951, -86.028976,89.058133,1.479523
1317357709669820465, -85.928686,87.900951,1.479510
1317357709760667851, -85.829970,86.752058,1.479705
1317357709841405373, -85.732556,85.610646,1.480033
1317357709936308713, -85.635121,84.472585,1.479352
1317357710070629270, -85.545046,83.333480,1.477757
1317357710187713684, -85.443204,82.193185,1.474503
1317357710258486869, -85.338025,81.058446,1.470843
1317357710385067351, -85.229118,79.931588,1.467038
1317357710488573129, -85.117596,78.810218,1.463791
1317357710601468928, -85.002610,77.678929,1.460285
1317357710691865613, -84.887721,76.564642,1.457274
1317357710782752272, -84.763034,75.448006,1.454578
1317357710885982884, -84.645328,74.340048,1.452491
1317357710977334786, -84.519454,73.235984,1.450490
1317357711111103764, -84.397947,72.136186,1.448936
1317357711191935674, -84.270834,71.033758,1.447867
1317357711301076737, -84.142327,69.940842,1.447901
1317357711418754657, -84.015119,68.841263,1.448934
1317357711530476751, -83.892718,67.747169,1.450457
1317357711626102491, -83.773727,66.654890,1.452466
1317357711797774154, -83.545574,64.486116,1.457838
1317357711951011257, -83.431663,63.390133,1.460723
1317357712021651405, -83.328131,62.296299,1.463618
1317357712159468646, -83.221795,61.205716,1.466359
1317357712219989957, -83.108193,60.129902,1.468988
1317357712326090427, -83.003799,59.040339,1.471716
1317357712429250514, -82.904455,57.966724,1.474371
1317357712540126409, -82.800886,56.881853,1.476637
1317357712671053838, -82.704981,55.807381,1.478698
1317357712731669410, -82.612794,54.736144,1.480394
1317357712851311524, -82.518826,53.665329,1.481625
1317357712959333416, -82.426761,52.589672,1.482282
1317357713076882949, -82.337189,51.523243,1.482258
1317357713157910277, -82.239474,50.455858,1.481540
1317357713269046162, -82.143808,49.379467,1.480811
1317357713373336672, -82.043790,48.310874,1.480205
1317357713464728407, -81.942320,47.241916,1.479719
1317357713579264053, -81.845244,46.168334,1.479349
1317357713675510735, -81.743457,45.118188,1.478853
1317357713794169469, -81.644406,44.050421,1.477911
1317357713885130153, -81.553743,42.984359,1.477150
1317357714090363294, -81.375118,40.871095,1.475622
1317357714192291554, -81.284559,39.820236,1.474321
1317357714310053716, -81.188810,38.768519,1.472863
1317357714392060656, -81.093725,37.725567,1.472034
1317357714517229185, -80.991279,36.679787,1.471485
1317357714654455404, -80.892941,35.641204,1.470936
1317357714816159788, -80.702069,33.570164,1.470407
1317357714945659194, -80.609334,32.514575,1.470563
1317357715036515324, -80.518850,31.482511,1.471304
1317357715163626262, -80.422685,30.450384,1.472084
1317357715244318626, -80.332862,29.422786,1.473184
1317357715338452601, -80.237176,28.396788,1.474191
1317357715485681750, -80.147047,27.375835,1.475630
1317357715556339675, -80.048515,26.351519,1.476653
1317357715671818496, -79.958700,25.330119,1.478051
1317357715879757747, -79.777355,23.317903,1.480491
1317357715970646325, -79.694354,22.309899,1.481538
1317357716195711004, -79.525705,20.303526,1.483414
1317357716310895236, -79.438423,19.316784,1.484205
1317357716381650013, -79.360920,18.355470,1.485261
1317357716515661396, -79.281846,17.417167,1.486114
1317357716620502193, -79.207498,16.487050,1.486837
1317357716734855063, -79.131217,15.570224,1.486920
1317357716825833448, -79.057291,14.685656,1.485941
1317357716937544844, -78.988140,13.826755,1.483294
1317357717105367429, -78.827318,12.171019,1.474867
1317357717217265321, -78.752420,11.366429,1.469922
1317357717357312900, -78.672130,10.575726,1.463377
1317357717428013441, -78.587823,9.804242,1.454959
1317357717531731103, -78.502940,9.063003,1.443821
1317357717629729987, -78.411664,8.352284,1.430003
1317357717790417278, -78.309423,7.659064,1.414473
1317357717869328831, -78.205517,6.983144,1.397599
1317357717949985062, -78.089793,6.339820,1.379149
1317357718040769986, -77.970134,5.725255,1.358022
1317357718148290899, -77.844409,5.125411,1.334337
1317357718289222188, -77.694642,4.540200,1.307117
1317357718359844048, -77.542997,3.974071,1.277003
1317357718444841255, -77.381559,3.424368,1.244003
1317357718556479466, -77.203177,2.888417,1.208362
1317357718687146462, -77.022065,2.361863,1.169298
1317357718788022510, -76.812799,1.852153,1.124938
1317357718878844475, -76.589811,1.352459,1.073834
1317357718999722411, -76.355167,0.871045,1.014213
1317357719080433276, -76.103446,0.401280,0.947049
1317357719204387871, -75.825242,-0.056452,0.871315
1317357719369316653, -75.532080,-0.490537,0.785991
1317357719490993799, -74.920361,-1.289398,0.613573
1317357719606425671, -74.586458,-1.648185,0.534474
1317357719747415758, -74.247611,-1.986754,0.459876
1317357719837703470, -73.909146,-2.315964,0.392935
1317357719928598267, -73.538196,-2.609823,0.333800
1317357720110899848, -72.747099,-3.135015,0.234323
1317357720226870090, -72.338968,-3.376658,0.192230
1317357720374237232, -71.918209,-3.602758,0.155806
1317357720448696462, -71.473031,-3.802584,0.124420
1317357720539663183, -71.021673,-3.956985,0.097457
1317357720647486523, -70.564107,-4.104013,0.074619
1317357720748734643, -70.119380,-4.221749,0.055489
1317357720849591290, -69.691900,-4.319586,0.040773
1317357720944479017, -69.233002,-4.407038,0.029614
1317357721035391700, -68.751706,-4.469492,0.021070
1317357721175061626, -68.275713,-4.514325,0.014614
1317357721265838892, -67.803454,-4.556823,0.010197
1317357721370494276, -67.300763,-4.603675,0.007260
1317357721467852156, -66.773012,-4.634003,0.004969
1317357721591594940, -66.256342,-4.662432,0.003316
1317357721662325667, -65.712890,-4.686235,0.002233
1317357721785823454, -65.150832,-4.703600,0.001406
1317357721875019995, -64.568588,-4.710635,0.000781
1317357721992483004, -63.973458,-4.714560,0.000379
1317357722205357417, -62.747422,-4.713972,0.000110
1317357722383336710, -61.477760,-4.669520,0.000506
1317357722486608699, -60.807106,-4.625380,0.000788
1317357722610336273, -60.121958,-4.586710,0.001050
1317357722715558715, -59.424415,-4.544190,0.001231
1317357722808508894, -58.703569,-4.507226,0.001396
1317357722921481153, -57.956213,-4.462366,0.001524
1317357723016292437, -57.203417,-4.424942,0.001665
1317357723131096387, -56.456419,-4.371811,0.001814
1317357723247128240, -55.684491,-4.313904,0.001946
1317357723327733416, -54.923988,-4.261137,0.002111
1317357723454906735, -54.154950,-4.205692,0.002325
1317357723548707963, -53.398382,-4.149719,0.002548
1317357723640552209, -52.647889,-4.091212,0.002785
1317357723735456734, -51.882239,-4.033659,0.003059
1317357723858823348, -51.120122,-3.963184,0.003334
1317357723976884481, -50.353461,-3.889107,0.003560
1317357724058807108, -49.583375,-3.818401,0.003733
1317357724199350697, -48.821581,-3.743658,0.003817
1317357724270082653, -48.060159,-3.668749,0.003868
1317357724391476513, -47.296962,-3.598049,0.003904
1317357724484171255, -46.526827,-3.527376,0.003936
1317357724578481440, -45.764463,-3.455734,0.003939
1317357724796691964, -44.247698,-3.312086,0.003940
1317357724898900643, -43.497154,-3.244740,0.003963
1317357725011751058, -42.745452,-3.165462,0.003942
1317357725097523362, -42.001736,-3.095259,0.003851
1317357725307219983, -40.538529,-2.964885,0.003613
1317357725419796542, -39.808553,-2.900362,0.003515
1317357725531903079, -39.079815,-2.839196,0.003412
1317357725661009332, -38.368989,-2.780911,0.003304
1317357725741693861, -37.669860,-2.714478,0.003186
1317357725826173582, -36.975033,-2.653148,0.003094
1317357725917381950, -36.307279,-2.598468,0.003058
1317357726049104256, -35.642313,-2.551273,0.003061
1317357726178876752, -34.983253,-2.494859,0.003018
1317357726259610488, -34.341703,-2.432571,0.003009
1317357726336154456, -33.692219,-2.377506,0.003000
1317357726447214587, -33.050733,-2.328333,0.002956
1317357726577283708, -32.404486,-2.272262,0.002923
1317357726668284189, -31.768211,-2.220319,0.002946
1317357726759451978, -31.152703,-2.166213,0.002938
1317357726861831092, -30.531266,-2.109691,0.002960
1317357726989410730, -29.917300,-2.061108,0.002995
1317357727091955810, -29.290119,-2.013353,0.003037
1317357727202033995, -28.675609,-1.959719,0.003100
1317357727284459375, -28.064621,-1.908993,0.003188
1317357727385385391, -27.461996,-1.852353,0.003315
1317357727611949071, -26.257432,-1.746332,0.003610
1317357727695386864, -25.656433,-1.695053,0.003773
1317357727816660386, -25.055467,-1.635101,0.003934
1317357727920686721, -24.454645,-1.584272,0.004084
1317357728022361243, -23.858053,-1.524129,0.004260
1317357728127843992, -23.263835,-1.466702,0.004418
1317357728238789485, -22.680594,-1.409256,0.004576
1317357728339865459, -22.093555,-1.345046,0.004737
1317357728445656761, -21.522676,-1.289740,0.004866
1317357728537691975, -20.970546,-1.229005,0.004932
1317357728655716163, -20.415563,-1.168522,0.004946
1317357728746637149, -19.879384,-1.112115,0.004866
1317357728837690869, -19.350143,-1.058884,0.004726
1317357728958861915, -18.825310,-1.001416,0.004601
1317357729081033680, -18.319820,-0.955385,0.004466
1317357729186671539, -17.828448,-0.909389,0.004352
1317357729267526354, -17.344605,-0.866267,0.004190
1317357729363633445, -16.876215,-0.819373,0.004105
1317357729480746930, -16.409124,-0.775168,0.004007
1317357729576679336, -15.959562,-0.733779,0.003928
1317357729680213575, -15.517799,-0.694211,0.003810
1317357729774585605, -15.094676,-0.664043,0.003723
1317357729905245140, -14.684272,-0.626581,0.003623
1317357729996090780, -14.297752,-0.590541,0.003527
1317357730087216311, -13.930465,-0.553197,0.003464
1317357730199063020, -13.584152,-0.523484,0.003391
1317357730398031438, -12.962020,-0.476477,0.003280
1317357730502251014, -12.670601,-0.450775,0.003228
1317357730626974384, -12.395052,-0.424506,0.003194
1317357730815797756, -11.872027,-0.381456,0.003153
1317357730917317664, -11.613979,-0.358426,0.003150
1317357731042297002, -11.352547,-0.340300,0.003109
1317357731138767398, -11.096853,-0.317065,0.003100
1317357731231790279, -10.842721,-0.294113,0.003073
1317357731334635211, -10.596462,-0.277875,0.003045
1317357731465128736, -10.343623,-0.256119,0.003032
1317357731545907078, -10.092240,-0.232714,0.003053
1317357731664838065, -9.845529,-0.210443,0.003072
1317357731749541738, -9.589145,-0.195377,0.003151
1317357731853860544, -9.339856,-0.176872,0.003377
1317357731977727902, -9.097092,-0.148759,0.003755
1317357732072513637, -8.854013,-0.119354,0.004278
1317357732178593812, -8.608057,-0.085722,0.004985
1317357732269466246, -8.369161,-0.053061,0.005781
1317357732375223234, -8.139633,-0.017151,0.006423
1317357732476573058, -7.906074,0.015350,0.006975
1317357732579902042, -7.664093,0.045480,0.007561
1317357732800972681, -7.210125,0.108419,0.008689
1317357732905052424, -6.982918,0.151246,0.009011
1317357732997555873, -6.752287,0.184321,0.009100
1317357733100596579, -6.523678,0.219024,0.009001
1317357733207977481, -6.298821,0.245214,0.008824
1317357733309052626, -6.075698,0.274507,0.008594
1317357733422076874, -5.856229,0.306310,0.008320
1317357733520532893, -5.638057,0.330345,0.007967
1317357733621653521, -5.411103,0.361764,0.007674
1317357733725237899, -5.178793,0.385771,0.007324
1317357733831973378, -4.962488,0.414600,0.006933
1317357733935135470, -4.742261,0.434870,0.006489
1317357734050563438, -4.523810,0.455848,0.006017
1317357734151829186, -4.297229,0.478803,0.005589
1317357734261390852, -4.066938,0.503445,0.005146
1317357734362406714, -3.819742,0.521261,0.004708
1317357734468851161, -3.567212,0.547387,0.004282
1317357734559938596, -3.300561,0.565446,0.003872
1317357734667822403, -3.028156,0.585330,0.003437
1317357734768894369, -2.741280,0.601232,0.003007
1317357734870545861, -2.437477,0.615830,0.002624
1317357734973923030, -2.124396,0.632925,0.002268
1317357735088105647, -1.811314,0.650501,0.001970
1317357735190100956, -1.482888,0.669515,0.001710
1317357735287686889, -1.142776,0.686200,0.001468
1317357735389386685, -0.803293,0.701299,0.001248
1317357735503687146, -0.450266,0.713560,0.001076
1317357735605604340, -0.091083,0.728050,0.000964
1317357735712397346, 0.275684,0.742482,0.000911
1317357735818475893, 0.648488,0.763618,0.000864
1317357735920693773, 1.038223,0.786528,0.000783
1317357736021804068, 1.433229,0.810750,0.000612
1317357736138046533, 1.832954,0.805810,0.000376
1317357736225038933, 2.233707,0.795071,0.000190
1317357736336177368, 2.641486,0.782209,0.000105
1317357736438646400, 3.047714,0.791824,0.000141
1317357736540762824, 3.450573,0.834809,0.000412
1317357736648041845, 3.846754,0.873661,0.001066
1317357736750786495, 4.228802,0.919278,0.002101
1317357736851857342, 4.605599,0.953720,0.003518
1317357736966879816, 4.988507,1.006670,0.005612
1317357737060165551, 5.356445,1.070006,0.008462
1317357737162173557, 5.726894,1.154635,0.012152
1317357737263969069, 6.077830,1.242251,0.016672
1317357737385052294, 6.423563,1.339358,0.021824
1317357737480922711, 6.751715,1.439422,0.027376
1317357737582067513, 7.080431,1.530319,0.032629
1317357737683963540, 7.388017,1.624391,0.036508
1317357737789792661, 7.706116,1.732434,0.038753
1317357737890766853, 8.012924,1.824271,0.039260
1317357737994147438, 8.322052,1.904458,0.037922
1317357738099711441, 8.638761,1.983001,0.035841
1317357738204281801, 8.943670,2.053753,0.033453
1317357738305787379, 9.213402,2.110177,0.030917
1317357738410913475, 9.439023,2.164387,0.028223
1317357738516037340, 9.634274,2.216059,0.025797
1317357738618887172, 9.801922,2.237977,0.023528
1317357738725243146, 9.938509,2.260803,0.021785
1317357738828039426, 10.036313,2.283129,0.020629
1317357738934053325, 10.102844,2.293626,0.019802
1317357739047915158, 10.139703,2.298239,0.019398
1317357739140259599, 10.143286,2.306851,0.019425
1317357739254082233, 10.126433,2.306587,0.019509
1317357739347352665, 10.116328,2.303574,0.019563
1317357739450832256, 10.119748,2.299766,0.019661
1317357739556785771, 10.117866,2.297391,0.019654
1317357739669511907, 10.119498,2.299756,0.019605
1317357739766128898, 10.124249,2.301862,0.019653
1317357739878041480, 10.124959,2.300536,0.019615
1317357739981133662, 10.125380,2.301693,0.019600
1317357740087446272, 10.120860,2.300493,0.019635
1317357740190673607, 10.123010,2.298960,0.019610
1317357740294177053, 10.124739,2.300114,0.019592
