#time(s),x(m),y(m),theta(rad)
1317398079440555096, -0.089309,0.555702,1.730378
1317398079544785976, -0.182493,1.117876,1.732236
1317398079649014950, -0.274157,1.666595,1.734288
1317398079753268003, -0.360116,2.216053,1.735835
1317398079857522011, -0.453650,2.773789,1.737186
1317398079961802006, -0.550900,3.348244,1.738495
1317398080066081047, -0.648881,3.925361,1.739853
1317398080170336008, -0.747336,4.503599,1.740810
1317398080274590969, -0.856506,5.095505,1.742136
1317398080378846884, -0.969401,5.697368,1.743492
1317398080483100891, -1.079031,6.305725,1.744738
1317398080587354898, -1.199909,6.935529,1.745869
1317398080691610098, -1.318840,7.585852,1.746645
1317398080795864105, -1.439479,8.253031,1.747597
1317398081004373074, -1.695180,9.602709,1.749707
1317398081108603001, -1.822499,10.295404,1.750829
1317398081212835073, -1.961520,11.010409,1.752080
1317398081317115068, -2.101822,11.757030,1.752700
1317398081421394110, -2.245557,12.522245,1.753314
1317398081525649071, -2.389133,13.295568,1.754021
1317398081629903078, -2.529132,14.087745,1.754325
1317398081734157085, -2.682382,14.889077,1.754016
1317398081838412046, -2.834541,15.697257,1.753437
1317398081942655087, -2.991807,16.524740,1.752514
1317398082151128054, -3.309247,18.249247,1.750829
1317398082255358934, -3.472076,19.129923,1.750423
1317398082359591007, -3.646514,20.038353,1.750706
1317398082463821888, -3.825341,20.948005,1.750916
1317398082568027973, -4.008149,21.878639,1.750816
1317398082672234058, -4.186886,22.816945,1.750792
1317398082776417017, -4.368262,23.770786,1.750945
1317398082880600929, -4.549011,24.728182,1.751023
1317398082984807968, -4.729136,25.689324,1.751282
1317398083089011908, -4.919438,26.665536,1.751684
1317398083193218946, -5.103753,27.654779,1.751871
1317398083297426939, -5.294171,28.654773,1.752217
1317398083401633978, -5.476647,29.639372,1.752211
1317398083505842924, -5.667460,30.649031,1.752411
1317398083610049009, -5.857952,31.672927,1.752844
1317398083714230061, -6.056731,32.699503,1.753523
1317398083818413019, -6.247512,33.739853,1.754129
1317398083922597885, -6.445085,34.782526,1.754683
1317398084026756048, -6.640488,35.816406,1.755355
1317398084130933046, -6.840169,36.869432,1.755821
1317398084235117912, -7.037986,37.925997,1.756366
1317398084339278936, -7.248654,38.989040,1.757115
1317398084443464041, -7.454493,40.044376,1.757826
1317398084547667980, -7.658641,41.107328,1.758305
1317398084651874065, -7.865232,42.164974,1.758967
1317398084756079912, -8.069440,43.214555,1.759600
1317398084860287905, -8.273565,44.262727,1.759749
1317398084964518070, -8.489709,45.313794,1.759479
1317398085068747997, -8.693264,46.388660,1.759680
1317398085172955036, -8.903662,47.445452,1.759395
1317398085277132988, -9.111781,48.501839,1.759215
1317398085381341934, -9.318988,49.568501,1.758989
1317398085485575914, -9.527578,50.620768,1.758550
1317398085589782000, -9.729329,51.675919,1.758372
1317398085693989992, -9.931976,52.729594,1.758186
1317398085798171043, -10.137561,53.785038,1.758196
1317398085902354002, -10.340426,54.847491,1.758007
1317398086006557941, -10.543510,55.902629,1.757626
1317398086110738993, -10.751801,56.972523,1.757344
1317398086214903116, -10.956437,58.044516,1.757151
1317398086319087029, -11.152670,59.105726,1.757176
1317398086423268080, -11.348681,60.169515,1.757064
1317398086527426958, -11.547372,61.220596,1.756883
1317398086631583929, -11.758483,62.289834,1.757056
1317398086735742092, -11.961318,63.354643,1.757123
1317398086839926958, -12.173627,64.418060,1.756186
1317398086944109917, -12.388411,65.491509,1.755569
1317398087048269033, -12.600530,66.562010,1.755451
1317398087152426958, -12.803070,67.634027,1.755557
1317398087256587029, -13.005621,68.711870,1.755665
1317398087360744953, -13.213436,69.787779,1.756054
1317398087464900017, -13.405303,70.859131,1.756356
1317398087569057941, -13.608795,71.923221,1.757069
1317398087673218012, -13.810818,72.988168,1.757848
1317398087777376890, -14.018572,74.037143,1.758710
1317398087881513119, -14.229149,75.098835,1.759163
1317398087985646963, -14.441213,76.153698,1.759720
1317398088089807034, -14.656703,77.214521,1.760301
1317398088193943024, -14.860900,78.274990,1.760925
1317398088298078060, -15.071256,79.311288,1.761563
1317398088402211905, -15.276548,80.355889,1.762235
1317398088506345987, -15.481842,81.387509,1.762892
1317398088610505104, -15.683769,82.409524,1.763276
1317398088714670897, -15.886620,83.418567,1.763830
1317398088818804979, -16.081580,84.418192,1.764320
1317398088922933102, -16.277906,85.390900,1.764812
1317398089027069092, -16.473383,86.346726,1.765960
1317398089131201982, -16.665015,87.284084,1.767964
1317398089235336065, -16.850735,88.201664,1.771062
1317398089339472055, -17.042641,89.084393,1.774275
1317398089443630934, -17.223738,89.951940,1.777429
1317398089547789097, -17.405128,90.793792,1.780323
1317398089651947021, -17.594030,91.613359,1.783220
1317398089756105900, -17.773294,92.413553,1.786001
1317398089860289097, -17.948047,93.187215,1.788772
1317398089964469910, -18.123644,93.930319,1.791348
1317398090068653107, -18.288973,94.635269,1.793957
1317398090172861099, -18.459939,95.317005,1.796565
1317398090277069092, -18.613126,95.961762,1.798731
1317398090381273985, -18.766971,96.577230,1.800811
1317398090485506058, -18.912080,97.164996,1.801849
1317398090589787006, -19.052377,97.732110,1.801012
1317398090694112062, -19.189795,98.275230,1.798521
1317398090798437119, -19.311933,98.790279,1.793120
1317398090902772903, -19.422773,99.291192,1.785936
1317398091007123947, -19.522668,99.765645,1.776617
1317398091111466885, -19.611642,100.223729,1.764710
1317398091215840101, -19.690610,100.658812,1.751372
1317398091320264101, -19.759994,101.073499,1.736437
1317398091424710989, -19.815822,101.490770,1.719035
1317398091529181004, -19.853226,101.885324,1.697907
1317398091738193989, -19.891569,102.670080,1.646845
1317398091842760086, -19.901290,103.048867,1.616923
1317398091947328091, -19.898338,103.414466,1.584449
1317398092051870108, -19.875382,103.782099,1.548672
1317398092156388044, -19.834954,104.145963,1.509980
1317398092260907888, -19.778327,104.505252,1.469163
1317398092365426064, -19.711681,104.856351,1.426271
1317398092469919920, -19.629547,105.191566,1.380293
1317398092574392080, -19.533607,105.529668,1.332622
1317398092678838968, -19.421512,105.859950,1.284553
1317398092887660027, -19.135391,106.477239,1.185388
1317398092992036104, -18.977758,106.775485,1.135458
1317398093096385002, -18.802973,107.061769,1.084242
1317398093305135012, -18.422318,107.612430,0.976726
1317398093409487009, -18.190205,107.879690,0.922249
1317398093513813019, -17.934731,108.140839,0.867988
1317398093618139982, -17.676392,108.385971,0.812829
1317398093826792002, -17.099403,108.844975,0.700986
1317398093931118965, -16.783355,109.051567,0.644166
1317398094035423040, -16.446406,109.262558,0.587678
1317398094139712095, -16.107942,109.457365,0.533052
1317398094243942976, -15.735344,109.629302,0.480045
1317398094348114967, -15.343490,109.804711,0.430690
1317398094452227116, -14.928091,109.966664,0.387279
1317398094556241035, -14.504099,110.118430,0.350213
1317398094660182953, -14.070897,110.266912,0.318406
1317398094764101028, -13.626557,110.409882,0.289698
1317398094868017912, -13.148317,110.551520,0.263638
1317398094971939087, -12.661452,110.681612,0.239525
1317398095075882912, -12.153043,110.785148,0.216627
1317398095179825068, -11.623181,110.887419,0.195971
1317398095283742905, -11.074739,110.983227,0.177887
1317398095387635946, -10.511740,111.071098,0.163794
1317398095595354080, -9.287931,111.264672,0.145771
1317398095699152946, -8.635595,111.349594,0.143157
1317398095802953005, -7.974878,111.442300,0.143180
1317398095906774044, -7.304947,111.548937,0.145134
1317398096114563942, -5.930272,111.772753,0.147728
1317398096218507051, -5.224144,111.889716,0.148630
1317398096322499037, -4.493120,111.998435,0.149496
1317398096426516056, -3.745177,112.124856,0.150063
1317398096530553102, -2.987178,112.241071,0.150520
1317398096634635925, -2.219732,112.363235,0.150055
1317398096738749027, -1.435519,112.484056,0.149325
1317398096842860937, -0.646878,112.615959,0.147980
1317398096946971893, 0.154533,112.729047,0.147136
1317398097051105022, 0.960984,112.849459,0.146022
1317398097155263901, 1.774272,112.975949,0.144677
1317398097259399891, 2.593474,113.108444,0.143546
1317398097363533974, 3.415305,113.232677,0.142861
1317398097467693090, 4.238100,113.355663,0.141670
1317398097571851015, 5.079558,113.488961,0.140105
1317398097675986052, 5.925180,113.623243,0.139046
1317398097780143976, 6.767139,113.743374,0.138958
1317398097884330034, 7.611393,113.865119,0.139143
1317398097988487005, 8.462533,113.992642,0.139272
1317398098092642069, 9.294183,114.111200,0.140134
1317398098196825981, 10.113566,114.231362,0.140886
1317398098301007032, 10.929409,114.353851,0.141109
1317398098405189037, 11.762197,114.481623,0.142091
1317398098509375095, 12.586945,114.602979,0.143127
1317398098717755079, 14.217743,114.834117,0.143688
1317398098821991920, 15.021102,114.959529,0.142678
1317398098926244974, 15.831175,115.076018,0.140879
1317398099030491114, 16.613898,115.198552,0.138608
1317398099134756088, 17.415873,115.311896,0.136620
1317398099238985062, 18.210748,115.428835,0.134824
1317398099343214989, 19.003660,115.540739,0.132878
1317398099447480917, 19.785024,115.650881,0.130605
1317398099656029940, 21.337676,115.860266,0.126990
1317398099760288954, 22.106078,115.963339,0.126091
1317398099864531994, 22.876937,116.061059,0.124970
1317398099968785048, 23.639278,116.157521,0.123455
1317398100073040009, 24.386263,116.262399,0.122191
1317398100177292109, 25.131050,116.353848,0.121053
1317398100281553984, 25.865315,116.449872,0.120216
1317398100385783911, 26.569928,116.538397,0.119594
1317398100490016937, 27.270898,116.626275,0.119439
1317398100594274044, 27.972018,116.717688,0.119211
1317398100698529005, 28.662854,116.807324,0.118961
1317398100907084942, 30.037778,116.976808,0.118899
1317398101011372089, 30.723712,117.071383,0.118576
1317398101115647078, 31.401684,117.154477,0.118035
1317398101324193954, 32.748628,117.322611,0.118460
1317398101428493977, 33.431347,117.411819,0.117218
1317398101532847881, 34.100591,117.507792,0.113625
1317398101637172937, 34.756426,117.589556,0.108313
1317398101741498947, 35.415902,117.651968,0.102554
1317398101845822096, 36.080623,117.713048,0.095723
1317398101950124979, 36.766093,117.775862,0.088464
1317398102054405928, 37.444006,117.845795,0.082109
1317398102158694983, 38.128314,117.902179,0.076970
1317398102262949944, 38.819770,117.959131,0.072539
1317398102367181063, 39.508609,118.013601,0.068577
1317398102471409082, 40.211564,118.061714,0.065845
1317398102575632095, 40.923920,118.109064,0.064078
1317398102679862976, 41.637559,118.161081,0.062522
1317398102784076929, 42.363814,118.211595,0.061448
1317398102888307095, 43.097754,118.258256,0.061024
1317398102992527962, 43.827903,118.288470,0.061006
1317398103096735954, 44.573019,118.329752,0.060388
1317398103200953007, 45.319561,118.375466,0.059466
1317398103305160999, 46.072166,118.431996,0.059154
1317398103513622999, 47.573880,118.524740,0.059080
1317398103617845058, 48.321846,118.572665,0.057853
1317398103826351881, 49.800855,118.673921,0.053990
1317398103930605888, 50.549547,118.717234,0.051878
1317398104034859896, 51.311916,118.760121,0.050059
1317398104243380070, 52.801079,118.837334,0.046625
1317398104347630024, 53.558277,118.878796,0.045714
1317398104451884985, 54.339896,118.923380,0.044804
1317398104556132078, 55.105966,118.961139,0.043532
1317398104660388947, 55.886683,118.994485,0.042474
1317398104868918896, 57.469545,119.079813,0.039720
1317398104973186016, 58.267654,119.114360,0.037469
1317398105077466011, 59.062363,119.150767,0.035469
1317398105285964012, 60.667487,119.208106,0.032292
1317398105390229940, 61.482408,119.234711,0.031734
1317398105598742962, 63.125659,119.284191,0.031080
1317398105702996016, 63.967135,119.307308,0.031368
1317398105807250023, 64.814107,119.332998,0.031712
1317398105911478043, 65.657270,119.369786,0.032738
1317398106119962931, 67.362367,119.428647,0.036069
1317398106224193096, 68.225202,119.464709,0.037742
1317398106328866959, 69.083476,119.503666,0.039397
1317398106433121920, 69.931481,119.536301,0.041008
1317398106641168118, 71.645591,119.620065,0.044046
1317398106745405912, 72.515519,119.667308,0.045455
1317398106849661112, 73.390152,119.715218,0.046553
1317398106953926086, 74.252946,119.757033,0.047154
1317398107162436008, 75.995638,119.851853,0.048265
1317398107266690016, 76.876091,119.892142,0.049077
1317398107370944977, 77.756647,119.936207,0.050079
1317398107475200891, 78.621151,119.984296,0.050633
1317398107579457045, 79.479254,120.026255,0.051553
1317398107683712959, 80.342048,120.080886,0.052121
1317398107787988901, 81.202313,120.142234,0.052402
1317398107892277956, 82.056942,120.202744,0.052299
1317398107996546984, 82.902376,120.258902,0.051100
1317398108100824118, 83.735658,120.312849,0.050022
1317398108205084085, 84.579797,120.359259,0.049321
1317398108309329033, 85.416822,120.401811,0.048909
1317398108517808914, 87.076264,120.495404,0.047679
1317398108622096062, 87.903834,120.541394,0.046984
1317398108726353884, 88.723518,120.587094,0.046484
1317398108830606937, 89.541364,120.637605,0.045175
1317398108934859991, 90.341832,120.681352,0.042799
1317398109039139986, 91.145383,120.717441,0.039823
1317398109247685909, 92.720997,120.787755,0.033261
1317398109351977110, 93.502268,120.819913,0.029792
1317398109456233025, 94.286695,120.841946,0.026924
1317398109560472012, 95.067437,120.860797,0.024430
1317398109664726019, 95.841114,120.890186,0.022870
1317398109769009113, 96.612340,120.922266,0.020795
1317398109873294115, 97.382642,120.931860,0.017840
1317398109977560043, 98.159486,120.951129,0.014565
1317398110186005116, 99.702493,120.972523,0.009792
1317398110290260077, 100.463167,120.982982,0.007908
1317398110394514084, 101.221722,121.001299,0.004934
1317398110498740911, 101.978280,121.005742,0.002501
1317398110602972984, 102.730904,121.001369,0.000613
1317398110811491966, 104.206581,121.013197,-0.004635
1317398110915747881, 104.955924,121.016146,-0.007136
1317398111020029068, 105.693334,121.009142,-0.011590
1317398111124346018, 106.430876,121.004269,-0.017258
1317398111332959890, 107.888279,120.981191,-0.032970
1317398111437273026, 108.613091,120.960941,-0.044182
1317398111541614056, 109.336197,120.922795,-0.056483
1317398111645953894, 110.061821,120.875244,-0.069389
1317398111750279903, 110.786591,120.820034,-0.081584
1317398111854620934, 111.510777,120.748571,-0.092690
1317398111958947897, 112.223322,120.667575,-0.102916
1317398112063227892, 112.934693,120.579115,-0.112089
1317398112167484045, 113.655275,120.483842,-0.119961
1317398112271711111, 114.361651,120.393824,-0.126239
1317398112375890017, 115.070545,120.298005,-0.130711
1317398112480048895, 115.779909,120.192562,-0.132474
1317398112584175110, 116.489422,120.088856,-0.133376
1317398112688313961, 117.196916,119.988076,-0.134379
1317398112792484999, 117.877561,119.882521,-0.133908
1317398112896612883, 118.558519,119.795906,-0.133125
1317398113000721931, 119.249445,119.702442,-0.131934
1317398113104846001, 119.926740,119.613955,-0.129847
1317398113208970070, 120.608990,119.522001,-0.128231
1317398113313117981, 121.277819,119.435403,-0.126516
1317398113417256117, 121.940860,119.341056,-0.123927
1317398113521342039, 122.600023,119.262349,-0.119321
1317398113625439882, 123.253575,119.183482,-0.114048
1317398113729549885, 123.907702,119.113841,-0.108509
1317398113833647013, 124.556286,119.054016,-0.103727
1317398113937779903, 125.201706,118.986732,-0.099452
1317398114041970015, 125.843438,118.928104,-0.095537
1317398114146163940, 126.477591,118.865732,-0.091618
1317398114250345945, 127.105546,118.800807,-0.087739
1317398114354542971, 127.716403,118.753803,-0.084495
1317398114458741903, 128.321466,118.709832,-0.080795
1317398114562952995, 128.917655,118.668566,-0.075996
1317398114667140007, 129.507637,118.624756,-0.070638
1317398114771322966, 130.115179,118.589272,-0.063797
1317398114875502110, 130.719837,118.569756,-0.055360
1317398114979640961, 131.311605,118.549480,-0.044984
1317398115083755970, 131.903109,118.534270,-0.032768
1317398115187864065, 132.489191,118.538011,-0.019457
1317398115291975021, 133.072069,118.544218,-0.004755
1317398115396054029, 133.658123,118.573927,0.012640
1317398115500114918, 134.219473,118.611180,0.033181
1317398115604176998, 134.787813,118.662791,0.055476
1317398115708251953, 135.346204,118.726960,0.077729
1317398115812361956, 135.903778,118.798302,0.099360
1317398115916508913, 136.449594,118.879878,0.119646
1317398116020726919, 136.992564,118.964929,0.136064
1317398116125041962, 137.529196,119.055381,0.147555
1317398116229441881, 138.086946,119.142496,0.152293
1317398116333925009, 138.627577,119.208191,0.148931
1317398116438491106, 139.160059,119.270225,0.138025
1317398116543067932, 139.707374,119.340859,0.125037
1317398116647578001, 140.239268,119.393157,0.111738
1317398116752049923, 140.782085,119.446568,0.099389
1317398116856530905, 141.303119,119.488983,0.086340
1317398116961025000, 141.827729,119.527243,0.070767
1317398117065495968, 142.340550,119.560145,0.053787
1317398117169893026, 142.864180,119.582356,0.037641
1317398117274265051, 143.376059,119.593327,0.022709
1317398117378606081, 143.890153,119.593903,0.008242
1317398117482935905, 144.403748,119.594500,-0.005921
1317398117587265015, 144.914347,119.590617,-0.018777
1317398117691531897, 145.409133,119.570674,-0.030620
1317398117795785904, 145.920337,119.555847,-0.041165
1317398117900016069, 146.414675,119.531512,-0.049618
1317398118004232883, 146.898294,119.514908,-0.054909
1317398118108417988, 147.406338,119.502584,-0.058546
1317398118212587118, 147.894696,119.470798,-0.060803
1317398118316793919, 148.386725,119.452628,-0.061618
1317398118421003103, 148.860131,119.420280,-0.062846
1317398118525244951, 149.329744,119.384125,-0.065640
1317398118629513025, 149.810639,119.361049,-0.068558
1317398118733779907, 150.297548,119.320976,-0.072562
1317398118838068962, 150.784516,119.284304,-0.077973
1317398118942389011, 151.295006,119.250796,-0.083342
1317398119046724081, 151.811031,119.199466,-0.089365
1317398119151034117, 152.329515,119.137609,-0.094866
1317398119255326986, 152.876711,119.090151,-0.101090
1317398119359628916, 153.414744,119.036899,-0.107113
1317398119463942051, 153.971664,118.974109,-0.112694
1317398119568226099, 154.506944,118.899729,-0.117965
1317398119672470093, 155.070895,118.827257,-0.122953
1317398119776742935, 155.625849,118.766886,-0.126967
1317398119880995035, 156.205395,118.687521,-0.130976
1317398119985224962, 156.777711,118.615398,-0.133715
1317398120089458942, 157.348158,118.528517,-0.136409
1317398120193665028, 157.924296,118.446329,-0.138552
1317398120297873974, 158.507631,118.368572,-0.139815
1317398120402081013, 159.086327,118.290231,-0.139941
1317398120506263018, 159.654240,118.208089,-0.139083
1317398120610445976, 160.222874,118.128125,-0.137770
1317398120714638948, 160.796324,118.056322,-0.135433
1317398120818794012, 161.357695,117.987610,-0.133026
1317398120922952890, 161.914127,117.916317,-0.130162
1317398121131275892, 163.015224,117.781673,-0.123657
1317398121235434055, 163.541032,117.715571,-0.119639
1317398121339574099, 164.062558,117.663367,-0.115851
1317398121547883987, 165.069141,117.559893,-0.106682
1317398121652066946, 165.545874,117.514474,-0.100767
1317398121756203890, 166.006721,117.466985,-0.093457
1317398121860325098, 166.460790,117.436240,-0.084346
1317398122068532944, 167.308571,117.398083,-0.058777
1317398122172590971, 167.721697,117.391360,-0.042325
1317398122276627064, 168.136986,117.391070,-0.023063
1317398122484617949, 168.955976,117.424996,0.026311
1317398122588620901, 169.360304,117.461634,0.054980
1317398122796587944, 170.136542,117.594340,0.117634
1317398122900625944, 170.509835,117.681677,0.149077
1317398123108696938, 171.255214,117.877472,0.211427
1317398123316792965, 171.991556,118.110270,0.276149
1317398123420845032, 172.351888,118.251245,0.310647
1317398123628894091, 173.059000,118.568968,0.385089
1317398123732902050, 173.410407,118.754593,0.425589
1317398123940902948, 174.101094,119.188328,0.512979
1317398124044895887, 174.443380,119.437118,0.559667
1317398124252891064, 175.103463,119.979041,0.656909
1317398124356930971, 175.442955,120.277953,0.706547
1317398124460994959, 175.759951,120.590165,0.756803
1317398124669157028, 176.368564,121.341985,0.855755
1317398124773255110, 176.658246,121.755235,0.905426
1317398124981530905, 177.203700,122.647449,1.001993
1317398125189949036, 177.700124,123.632779,1.091941
1317398125294213057, 177.926365,124.155076,1.132582
1317398125502892971, 178.319919,125.290521,1.203328
1317398125607278109, 178.506354,125.886649,1.232823
1317398125711735964, 178.679741,126.509040,1.258536
1317398125920727968, 179.024652,127.812914,1.299377
1317398126025197983, 179.200330,128.487306,1.317714
1317398126234019995, 179.531163,129.928988,1.353861
1317398126338416100, 179.672442,130.684799,1.371670
1317398126547224998, 179.923780,132.217814,1.402569
1317398126756227016, 180.130448,133.798097,1.415384
1317398126860735893, 180.239207,134.620973,1.416951
1317398127069641113, 180.489554,136.296229,1.417903
1317398127174084902, 180.629306,137.144055,1.418206
1317398127278458118, 180.756254,138.012203,1.418144
1317398127487128019, 181.024188,139.769133,1.416444
1317398127591415882, 181.163059,140.669806,1.415808
1317398127799931049, 181.443778,142.481306,1.414742
1317398128008389950, 181.729026,144.278572,1.414357
1317398128112654924, 181.870900,145.196906,1.413852
1317398128321130037, 182.152227,147.002134,1.414151
1317398128425348997, 182.289993,147.902302,1.414324
1317398128529542923, 182.432990,148.804445,1.414669
1317398128737951994, 182.709059,150.620006,1.416419
1317398128842149973, 182.848555,151.525621,1.417533
1317398128946362019, 182.983713,152.437627,1.418698
1317398129050561905, 183.119510,153.345449,1.419820
1317398129258953094, 183.385392,155.170618,1.422887
1317398129363125086, 183.517401,156.074052,1.424258
1317398129571487904, 183.782729,157.879976,1.427280
1317398129779858112, 184.031926,159.675482,1.430853
1317398129884037971, 184.155152,160.562694,1.432708
1317398129988219976, 184.271986,161.451018,1.434612
1317398130092382908, 184.391728,162.332242,1.436485
1317398130196536064, 184.508564,163.196789,1.438521
1317398130404906034, 184.724287,164.903923,1.443357
1317398130509087086, 184.828707,165.740713,1.445965
1317398130613305092, 184.926098,166.550745,1.448384
1317398130821711063, 185.097990,168.134808,1.453145
1317398130925910950, 185.179945,168.900217,1.456025
1317398131030117035, 185.264013,169.644009,1.459116
1317398131238529921, 185.409906,171.079951,1.468114
1317398131342772007, 185.471075,171.753877,1.471961
1317398131447016954, 185.527215,172.407465,1.475688
1317398131551271915, 185.582830,173.037982,1.479022
1317398131759854078, 185.679795,174.206276,1.481120
1317398131864136934, 185.725813,174.760068,1.482433
1317398131968369961, 185.764348,175.287680,1.483895
1317398132176928043, 185.844352,176.298806,1.485126
1317398132281187057, 185.879307,176.782110,1.486875
1317398132385415077, 185.920064,177.265662,1.489498
1317398132593808889, 185.986546,178.220116,1.499891
1317398132697945118, 186.010415,178.688599,1.509932
1317398132802018881, 186.019109,179.150506,1.523300
1317398132906030893, 186.016589,179.616830,1.540835
1317398133010020971, 185.991258,180.067504,1.562708
1317398133114001036, 185.957589,180.517296,1.588470
1317398133321867943, 185.847801,181.389672,1.650977
1317398133425817966, 185.771379,181.818080,1.687233
1317398133529733896, 185.667307,182.232606,1.725504
1317398133633657932, 185.544770,182.645163,1.767323
1317398133841520071, 185.258950,183.434007,1.856992
1317398133945456028, 185.084248,183.812523,1.904895
1317398134049396992, 184.891852,184.178741,1.955485
1317398134153332949, 184.685268,184.531356,2.007745
1317398134361303091, 184.233284,185.184840,2.116825
1317398134465293884, 183.974217,185.493981,2.173074
1317398134569340944, 183.703201,185.770389,2.230708
1317398134673404932, 183.416477,186.023305,2.288617
1317398134777458906, 183.120864,186.264544,2.346689
1317398134985594034, 182.504171,186.712257,2.465653
1317398135089693069, 182.182497,186.914079,2.524766
1317398135193815947, 181.852051,187.074562,2.583096
1317398135297954082, 181.509094,187.228124,2.641812
1317398135402137041, 181.161573,187.350232,2.699780
1317398135506347895, 180.821539,187.454701,2.756460
1317398135610565901, 180.465845,187.528757,2.813052
1317398135819042921, 179.760642,187.638231,2.921183
1317398135923357010, 179.405807,187.666484,2.970582
1317398136027733088, 179.045180,187.673415,3.015770
1317398136132155895, 178.678214,187.682046,3.055712
1317398136236615896, 178.306324,187.685434,3.091381
1317398136341161013, 177.941672,187.691816,3.122565
1317398136445734024, 177.549901,187.682455,3.147876
1317398136654798985, 176.724175,187.600577,3.190789
1317398136759352922, 176.297704,187.549977,3.205987
1317398136863847971, 175.836603,187.510018,3.219767
1317398136968277931, 175.377545,187.470090,3.235860
1317398137072676897, 174.888001,187.421930,3.252501
1317398137177066088, 174.393574,187.347822,3.270173
1317398137281471014, 173.874842,187.266042,3.286509
1317398137385837078, 173.335198,187.167561,3.301695
1317398137490205050, 172.775402,187.043853,3.315595
1317398137594624996, 172.211004,186.916132,3.327441
1317398137699071884, 171.625038,186.790259,3.335568
1317398137803544998, 171.021216,186.663936,3.340547
1317398137908030033, 170.402201,186.525708,3.344365
1317398138012500048, 169.758003,186.378981,3.347111
1317398138221441984, 168.423820,186.076957,3.346686
1317398138325958967, 167.731229,185.936834,3.341364
1317398138430478096, 167.010447,185.798497,3.333132
1317398138534970999, 166.280228,185.654996,3.323794
1317398138639441013, 165.523181,185.527684,3.314110
1317398138743865013, 164.748188,185.392716,3.304376
1317398138848251104, 163.960561,185.260997,3.294710
1317398138952624083, 163.147239,185.134942,3.284674
1317398139056974888, 162.313387,185.017445,3.274356
1317398139265609980, 160.608705,184.805158,3.253462
1317398139369888067, 159.727866,184.713856,3.244040
1317398139474122047, 158.841596,184.629783,3.235832
1317398139578353882, 157.963931,184.554699,3.226976
1317398139682612896, 157.070172,184.479998,3.219194
1317398139786819935, 156.175103,184.410963,3.213091
1317398139890990019, 155.290520,184.350912,3.208947
1317398139995177031, 154.402506,184.287169,3.206545
1317398140099349022, 153.515569,184.232685,3.204933
1317398140203514099, 152.616366,184.166704,3.203641
1317398140307668924, 151.709227,184.098950,3.201917
1317398140411854982, 150.806608,184.049546,3.201382
1317398140516031027, 149.917823,183.988680,3.200473
1317398140620212078, 149.017617,183.938345,3.200071
1317398140724394083, 148.111633,183.876910,3.200210
1317398140828545094, 147.211459,183.820169,3.200361
1317398140932735920, 146.323000,183.760315,3.200681
1317398141036926031, 145.422386,183.702436,3.201063
1317398141245245934, 143.629269,183.583979,3.202866
1317398141349438906, 142.729382,183.523553,3.203771
1317398141453597069, 141.833263,183.461977,3.204187
1317398141557770014, 140.946319,183.401875,3.204445
1317398141661976099, 140.054786,183.334862,3.204917
1317398141870485067, 138.268755,183.207229,3.204141
1317398141974730968, 137.379231,183.147066,3.202481
1317398142078988075, 136.475624,183.085289,3.200786
1317398142183222055, 135.581127,183.029768,3.199164
1317398142287451029, 134.690100,182.980767,3.198127
1317398142495943069, 132.923339,182.872666,3.196867
1317398142600184917, 132.044969,182.814653,3.196172
1317398142704478025, 131.161633,182.762722,3.195636
1317398142808726072, 130.280496,182.705771,3.194758
1317398143017153978, 128.528954,182.606450,3.193415
1317398143121376038, 127.652485,182.553511,3.193054
1317398143329860926, 125.895936,182.460424,3.192383
1317398143434103012, 125.023489,182.409751,3.191705
1317398143538326979, 124.138972,182.356552,3.191075
1317398143642571926, 123.243207,182.313288,3.190108
1317398143851083994, 121.435686,182.219657,3.188226
1317398143955313921, 120.537096,182.177029,3.187379
1317398144059549093, 119.617253,182.142333,3.186063
1317398144163778067, 118.707301,182.103282,3.185024
1317398144372245073, 116.882308,182.015479,3.183445
1317398144476476908, 115.970757,181.974078,3.183172
1317398144580710888, 115.042194,181.931842,3.182856
1317398144789186954, 113.182020,181.842426,3.185717
1317398144893403053, 112.228695,181.798526,3.188681
1317398144997612953, 111.287904,181.749149,3.192452
1317398145205982924, 109.388342,181.636465,3.201885
1317398145310180902, 108.434638,181.562547,3.207259
1317398145414381027, 107.486358,181.487680,3.212587
1317398145622823954, 105.593787,181.330495,3.220329
1317398145727071047, 104.637999,181.246508,3.222260
1317398145831325054, 103.679391,181.165922,3.222889
1317398146039838076, 101.739601,181.006563,3.224519
1317398146144033909, 100.752184,180.921180,3.225345
1317398146248259068, 99.764693,180.841388,3.226352
1317398146456727028, 97.800516,180.666208,3.227676
1317398146560978889, 96.817929,180.574212,3.228306
1317398146665222883, 95.851424,180.479662,3.228718
1317398146873717070, 93.889063,180.294963,3.229724
1317398146977935076, 92.915104,180.200850,3.230245
1317398147186378956, 90.961043,180.015285,3.230931
1317398147290607929, 89.992070,179.923210,3.231403
1317398147499046087, 88.029381,179.734628,3.231595
1317398147603254080, 87.065387,179.637531,3.231538
1317398147811677933, 85.104852,179.449765,3.230771
1317398147915858030, 84.128252,179.356704,3.230927
1317398148020040035, 83.154455,179.266219,3.230962
1317398148228368998, 81.206608,179.078991,3.230522
1317398148332562923, 80.242137,178.984318,3.230601
1317398148540904999, 78.292499,178.802182,3.230726
1317398148645086050, 77.316575,178.706548,3.231401
1317398148749269009, 76.353392,178.619097,3.231652
1317398148957603931, 74.405298,178.430813,3.232467
1317398149165985107, 72.478434,178.231884,3.233328
1317398149270193100, 71.518050,178.130868,3.232385
1317398149478606939, 69.591487,177.936985,3.228378
1317398149582808971, 68.620348,177.856699,3.226051
1317398149791213989, 66.687818,177.687458,3.221866
1317398149895435095, 65.722906,177.610662,3.219634
1317398150103873968, 63.783375,177.451020,3.215233
1317398150312277079, 61.856504,177.300840,3.211460
1317398150416457891, 60.881010,177.234285,3.209805
1317398150624846935, 58.933356,177.090378,3.208323
1317398150833163977, 56.978974,176.959437,3.208103
1317398151041506052, 55.017066,176.826585,3.209101
1317398151249838114, 53.049706,176.678220,3.211330
1317398151353996038, 52.058861,176.599723,3.211813
1317398151666593075, 49.120973,176.385145,3.209902
1317398151874963045, 47.145629,176.245577,3.208900
1317398152083353996, 45.154862,176.103503,3.210502
1317398152291676998, 43.175224,175.961283,3.213353
1317398152499991894, 41.172542,175.805177,3.219233
1317398152708300114, 39.185307,175.644088,3.225502
1317398153020843029, 36.192244,175.351269,3.232676
1317398153229228973, 34.196010,175.158276,3.236294
1317398153437633038, 32.196134,174.947243,3.238526
1317398153646085024, 30.199825,174.742913,3.239120
1317398153854521036, 28.188006,174.542773,3.240097
1317398154062932968, 26.178048,174.339374,3.242515
1317398154271301985, 24.204235,174.126460,3.245060
1317398154479643106, 22.221527,173.906395,3.248197
1317398154792105913, 19.278492,173.565141,3.254570
1317398155000377893, 17.327352,173.338412,3.258920
1317398155208698988, 15.387783,173.092672,3.263386
1317398155417010069, 13.472700,172.847965,3.264626
1317398155521168947, 12.526739,172.721688,3.264639
1317398155729523897, 10.618702,172.478484,3.264519
1317398155937918901, 8.729855,172.226959,3.264426
1317398156146275997, 6.865938,171.991461,3.266161
1317398156250432014, 5.938729,171.867851,3.267887
1317398156458748102, 4.128296,171.623384,3.271609
1317398156562901974, 3.241542,171.500743,3.273653
1317398156875369072, 0.608063,171.129326,3.280063
1317398157083730936, -1.115490,170.873450,3.283305
1317398157292097092, -2.791485,170.614252,3.286065
1317398157500510931, -4.405550,170.366961,3.286361
1317398157709110975, -5.939932,170.127255,3.282356
1317398157813400984, -6.702989,170.018905,3.279346
1317398158021944046, -8.198691,169.803756,3.273863
1317398158230478048, -9.667537,169.604909,3.268631
1317398158439002991, -11.106742,169.419554,3.263761
1317398158647521973, -12.520547,169.244691,3.260290
1317398158856029987, -13.884240,169.077980,3.257816
1317398159064479113, -15.235166,168.908965,3.255052
1317398159272979975, -16.541267,168.765329,3.251642
1317398159481511116, -17.792144,168.635186,3.246166
1317398159690066099, -18.991669,168.506734,3.239896
1317398159898647070, -20.108983,168.407186,3.232949
1317398160107219934, -21.171929,168.306687,3.224006
1317398160420186996, -22.645843,168.214983,3.202386
1317398160628842115, -23.573835,168.165021,3.181895
1317398160837508917, -24.457227,168.147600,3.157419
1317398161046171904, -25.278537,168.162874,3.129343
1317398161254815102, -26.059581,168.178730,3.097024
1317398161463520050, -26.778707,168.241927,3.057637
1317398161672256947, -27.460153,168.339392,3.011692
1317398161880978107, -28.106899,168.461867,2.962639
1317398162089761019, -28.749024,168.624868,2.905122
1317398162403032064, -29.663080,168.938016,2.807585
1317398162611876965, -30.219135,169.204931,2.734762
1317398162820733070, -30.769706,169.511699,2.657357
1317398163029556036, -31.327579,169.883383,2.575243
1317398163238302946, -31.858092,170.334644,2.489907
1317398163551311016, -32.657222,171.151686,2.357127
1317398163759917021, -33.170047,171.791225,2.268660
1317398163968422890, -33.670718,172.514643,2.183640
1317398164176933050, -34.144736,173.329894,2.099841
1317398164385462046, -34.578485,174.240347,2.013845
1317398164593856096, -34.986511,175.262187,1.932027
1317398164802086115, -35.343814,176.369454,1.862097
1317398165010076046, -35.656556,177.573157,1.807934
1317398165113971949, -35.808756,178.203855,1.789142
1317398165425532103, -36.191380,180.165627,1.754610
1317398165633284092, -36.442480,181.556167,1.745239
1317398165840977907, -36.696630,183.013744,1.744624
1317398166048727989, -36.984552,184.518159,1.749830
1317398166256603003, -37.271247,186.056413,1.756221
1317398166464633942, -37.573939,187.633582,1.760814
1317398166672774076, -37.888872,189.223692,1.763690
1317398166881006956, -38.214648,190.822568,1.765752
1317398166985117912, -38.381799,191.614403,1.766315
1317398167193363905, -38.714359,193.220659,1.768098
1317398167297518969, -38.880069,194.036189,1.768664
1317398167401679039, -39.041880,194.851046,1.769386
1317398167609956980, -39.385044,196.486373,1.772795
1317398167714113951, -39.555070,197.287852,1.774510
1317398167818280935, -39.719408,198.095488,1.776283
1317398168026654959, -40.068981,199.690781,1.779839
1317398168130856991, -40.242473,200.483431,1.781673
1317398168235049009, -40.415091,201.283234,1.783610
1317398168443480968, -40.768147,202.859046,1.786789
1317398168547693014, -40.933662,203.622942,1.788180
1317398168756175041, -41.280360,205.153106,1.788417
1317398168860429049, -41.451841,205.901239,1.787740
1317398168964680910, -41.618210,206.650849,1.787242
1317398169068926096, -41.779715,207.371762,1.786789
1317398169277375937, -42.095470,208.766744,1.787428
1317398169381572008, -42.256647,209.444279,1.788839
1317398169485781908, -42.408181,210.094201,1.790038
1317398169589972019, -42.554620,210.736707,1.791901
1317398169694153070, -42.696025,211.355681,1.794497
1317398169902540922, -42.980319,212.530494,1.800684
1317398170006742001, -43.105035,213.073923,1.803288
1317398170215344906, -43.370436,214.125562,1.808725
1317398170423696041, -43.609369,215.085958,1.808551
1317398170632324934, -43.810680,215.977901,1.799279
1317398170736675024, -43.907876,216.410828,1.790428
1317398170841044903, -43.993228,216.844364,1.779102
1317398170945442915, -44.080955,217.262130,1.763736
1317398171154310942, -44.193772,218.118623,1.725862
1317398171258765936, -44.239051,218.546013,1.703860
1317398171363234997, -44.279065,218.966785,1.678659
1317398171572288990, -44.309485,219.778358,1.617094
1317398171676832914, -44.296199,220.182532,1.582381
1317398171781383038, -44.272460,220.591396,1.545518
1317398171885934114, -44.208619,220.985118,1.507443
1317398172094938993, -44.073732,221.767564,1.427853
1317398172199435949, -43.989133,222.145577,1.386475
1317398172303908110, -43.889591,222.505989,1.343285
1317398172408377886, -43.773642,222.867579,1.298799
1317398172512839079, -43.652311,223.208790,1.253331
1317398172617260933, -43.506518,223.546576,1.206824
1317398172721663952, -43.331411,223.893412,1.160300
1317398172826047897, -43.135016,224.225532,1.113407
1317398173034817934, -42.733810,224.876690,1.014583
1317398173139194012, -42.508822,225.225551,0.963772
1317398173243510962, -42.271248,225.556927,0.915348
1317398173347821951, -41.998534,225.844406,0.865194
1317398173556452990, -41.377039,226.387467,0.762663
1317398173660774946, -41.048563,226.652907,0.709874
1317398173765053034, -40.695992,226.934337,0.657475
1317398173869308949, -40.309830,227.202572,0.606228
1317398174077769041, -39.457032,227.694243,0.510436
1317398174181910038, -39.002865,227.918251,0.468015
1317398174286017895, -38.533146,228.115756,0.429356
1317398174494024038, -37.537993,228.529657,0.364121
1317398174597984076, -37.002332,228.719667,0.336672
1317398174701958895, -36.465483,228.902021,0.310005
1317398174805948973, -35.900644,229.070849,0.283753
1317398174909940004, -35.309225,229.226627,0.260078
1317398175013880968, -34.703926,229.373732,0.238490
1317398175117815018, -34.081299,229.492810,0.218758
1317398175221766949, -33.436488,229.620418,0.200860
1317398175325711012, -32.768945,229.751201,0.184904
1317398175533545971, -31.389408,229.989706,0.160381
1317398175637417078, -30.695817,230.097215,0.153284
1317398175741292000, -29.975582,230.210393,0.147357
1317398175845202923, -29.234790,230.322876,0.144177
1317398175949091911, -28.482950,230.446396,0.141572
1317398176052964926, -27.721453,230.560267,0.140147
1317398176156886101, -26.947158,230.675659,0.138849
1317398176260812998, -26.164442,230.781704,0.137747
1317398176468694925, -24.568088,231.004649,0.138871
1317398176572613955, -23.764254,231.128606,0.141916
1317398176676548004, -22.972739,231.247570,0.145664
1317398176780524969, -22.181713,231.356962,0.148489
1317398176884490967, -21.374774,231.489339,0.152071
1317398176988481998, -20.569567,231.620678,0.155243
1317398177092494965, -19.762709,231.749358,0.158683
1317398177196513891, -18.969407,231.885514,0.161446
1317398177300554037, -18.157066,232.024951,0.164019
1317398177404603004, -17.344022,232.173385,0.165972
1317398177508662939, -16.512636,232.322589,0.167676
1317398177612725973, -15.699669,232.471237,0.169343
1317398177716824055, -14.889417,232.625583,0.170966
1317398177820935011, -14.074520,232.771665,0.172274
1317398177925033092, -13.265139,232.923986,0.172703
1317398178029176950, -12.438732,233.066505,0.172768
1317398178133316994, -11.623515,233.220329,0.172572
1317398178237442970, -10.798280,233.365176,0.172582
1317398178341609001, -9.963854,233.518419,0.172231
1317398178445765972, -9.154245,233.663971,0.171594
1317398178549913883, -8.344399,233.809800,0.171112
1317398178654100895, -7.524550,233.964788,0.169708
1317398178758316040, -6.706431,234.117192,0.168082
1317398178862519026, -5.893732,234.262375,0.165763
1317398178966692924, -5.078032,234.406256,0.163453
1317398179070875883, -4.267518,234.546346,0.161390
1317398179175059080, -3.469751,234.687668,0.159252
1317398179279253006, -2.665013,234.816687,0.157750
1317398179383438110, -1.854612,234.949950,0.156646
1317398179591695070, -0.263076,235.214292,0.155912
1317398179695864916, 0.511886,235.341985,0.155895
1317398179800023079, 1.297850,235.471034,0.155781
1317398180008352041, 2.864762,235.731104,0.154095
1317398180112536907, 3.650340,235.862299,0.152553
1317398180216727972, 4.428609,235.988149,0.151085
1317398180425110102, 5.969864,236.236383,0.147730
1317398180529303074, 6.731967,236.363363,0.147142
1317398180737643003, 8.252437,236.588344,0.147128
1317398180841804981, 9.021559,236.705957,0.147723
1317398180945957899, 9.773026,236.828418,0.148510
1317398181050112009, 10.524606,236.946019,0.149182
1317398181258435965, 12.030277,237.184778,0.150090
1317398181466792107, 13.502458,237.422043,0.149279
1317398181570981979, 14.235239,237.537840,0.148636
1317398181675164938, 14.992313,237.654604,0.149102
1317398181779316902, 15.712890,237.765749,0.148430
1317398181883483887, 16.433570,237.883758,0.148548
1317398182091850996, 17.861517,238.096905,0.149661
1317398182196007013, 18.589155,238.208354,0.150352
1317398182300179958, 19.308311,238.324816,0.152000
1317398182404371977, 20.034154,238.441678,0.154179
1317398182612694025, 21.444256,238.668766,0.157928
1317398182716898918, 22.136293,238.796674,0.158472
1317398182821116924, 22.832182,238.923083,0.158345
1317398182925333023, 23.527448,239.039579,0.157780
1317398183133747101, 24.890426,239.269991,0.154914
1317398183237956047, 25.570574,239.385157,0.153369
1317398183342139006, 26.255619,239.492084,0.152148
1317398183550493002, 27.595847,239.702425,0.150404
1317398183654639959, 28.252813,239.808937,0.150901
1317398183758749962, 28.902671,239.916215,0.151901
1317398183967044115, 30.189124,240.126392,0.153442
1317398184071202993, 30.827706,240.227036,0.153634
1317398184175360918, 31.461935,240.331819,0.154018
1317398184383721113, 32.722042,240.548692,0.154406
1317398184487932920, 33.362005,240.655737,0.154110
1317398184696393967, 34.615278,240.842954,0.151069
1317398184800625086, 35.231784,240.941864,0.148080
1317398184904854059, 35.854004,241.042673,0.145064
1317398185009098053, 36.473161,241.133224,0.142812
1317398185217616081, 37.700687,241.308067,0.134326
1317398185321897030, 38.332381,241.398157,0.127412
1317398185530427933, 39.619591,241.564960,0.116012
1317398185738965988, 40.946781,241.712399,0.104566
1317398185843220949, 41.618757,241.780629,0.098378
1317398186051702023, 43.021307,241.916654,0.086508
1317398186260168076, 44.461581,242.033582,0.076091
1317398186364398003, 45.190080,242.086915,0.070189
1317398186572776079, 46.690740,242.180410,0.060606
1317398186676959991, 47.473128,242.220664,0.056080
1317398186885312080, 49.090703,242.299610,0.049138
1317398186989459991, 49.916350,242.340596,0.047166
1317398187197762966, 51.593244,242.411451,0.045142
1317398187301873922, 52.452712,242.457493,0.045296
1317398187405985117, 53.331517,242.493313,0.045868
1317398187614208937, 55.123524,242.578870,0.048771
1317398187718293905, 56.045229,242.614788,0.052233
1317398187926455975, 57.916887,242.721626,0.061183
1317398188030519009, 58.878786,242.789542,0.066071
1317398188134581089, 59.836678,242.858204,0.070684
1317398188342705965, 61.786290,243.025435,0.080844
1317398188550905943, 63.766565,243.213125,0.090599
1317398188655028105, 64.765299,243.309896,0.094032
1317398188863284111, 66.754411,243.515482,0.097183
1317398188967427969, 67.763296,243.617191,0.098355
1317398189175688982, 69.784831,243.819343,0.100782
1317398189279834032, 70.787187,243.920591,0.101885
1317398189488092899, 72.784304,244.136060,0.103134
1317398189592230082, 73.775344,244.239617,0.104305
1317398189800496101, 75.769578,244.458483,0.106193
1317398190008800983, 77.768748,244.685076,0.109046
1317398190217071056, 79.728609,244.918844,0.113273
1317398190321203947, 80.735466,245.043290,0.115557
1317398190425337076, 81.730939,245.163417,0.118384
1317398190633604050, 83.687274,245.411467,0.123636
1317398190841829062, 85.629925,245.693103,0.127559
1317398191050065994, 87.557941,245.972726,0.129872
1317398191258387089, 89.461461,246.238765,0.129155
1317398191362544060, 90.412342,246.368683,0.129061
1317398191570837021, 92.301393,246.623854,0.128512
1317398191674972057, 93.246084,246.754954,0.127595
1317398191779140949, 94.181851,246.882684,0.126203
1317398191987466097, 96.052857,247.145471,0.121834
1317398192091615915, 96.991512,247.270977,0.118324
1317398192299932957, 98.855893,247.503831,0.110444
1317398192404090881, 99.776521,247.611015,0.106243
1317398192612402916, 101.622676,247.817281,0.098313
1317398192716562986, 102.554473,247.907551,0.092930
1317398192820754051, 103.482386,248.004735,0.087072
1317398193029119968, 105.329684,248.162470,0.071279
1317398193133325100, 106.255833,248.232217,0.062393
1317398193341690063, 108.127859,248.342424,0.043644
1317398193445885897, 109.070268,248.385365,0.034322
1317398193550101995, 110.013020,248.414759,0.025065
1317398193758522987, 111.890695,248.446991,0.005524
1317398193862732887, 112.832318,248.451413,-0.005146
1317398193966933012, 113.778219,248.437822,-0.016106
1317398194175318003, 115.653061,248.374957,-0.037101
1317398194279499054, 116.605505,248.328604,-0.045389
1317398194383647919, 117.555455,248.272091,-0.051318
1317398194487759113, 118.512211,248.208606,-0.055522
1317398194695887089, 120.413118,248.081257,-0.057979
1317398194799897909, 121.364225,248.016034,-0.055660
1317398194903888941, 122.314762,247.954646,-0.051553
1317398195111834049, 124.221023,247.858345,-0.038918
1317398195215826988, 125.177162,247.822434,-0.033103
1317398195319840908, 126.110214,247.793888,-0.027729
1317398195527872086, 127.981447,247.749650,-0.016593
1317398195735902071, 129.855901,247.740609,-0.005136
1317398195839937925, 130.797647,247.757257,0.001716
1317398196048079014, 132.665867,247.784984,0.015140
1317398196256377935, 134.504109,247.835823,0.024625
1317398196360555887, 135.415851,247.864793,0.026403
1317398196568943977, 137.198108,247.911041,0.027972
1317398196777344942, 138.934589,247.973623,0.028902
1317398196985739946, 140.595436,248.019462,0.030136
1317398197089935064, 141.414339,248.043020,0.030457
1317398197298362017, 143.049613,248.109863,0.030226
1317398197402573109, 143.880536,248.131808,0.029631
1317398197611030102, 145.527302,248.185598,0.026971
1317398197819493055, 147.165150,248.221063,0.023636
1317398197923707008, 147.969336,248.235711,0.022295
1317398198132101059, 149.558576,248.276559,0.022841
1317398198340466976, 151.148216,248.313366,0.027618
1317398198548768044, 152.722015,248.375386,0.036305
1317398198757055044, 154.275700,248.442914,0.044293
1317398198965321064, 155.812410,248.519990,0.051690
1317398199173687935, 157.348635,248.605466,0.056627
1317398199382031918, 158.889905,248.701560,0.060079
1317398199486213923, 159.642687,248.752982,0.060858
1317398199694603920, 161.119590,248.860423,0.061278
1317398199903054953, 162.543264,248.961208,0.060610
1317398200111470938, 163.879200,249.042556,0.059731
1317398200215708971, 164.516821,249.088376,0.059616
1317398200424134970, 165.703623,249.167163,0.060350
1317398200632565975, 166.767302,249.231809,0.062016
1317398200841021061, 167.754213,249.310403,0.063464
1317398201049554110, 168.681011,249.370944,0.061210
1317398201258172035, 169.579697,249.436277,0.054080
1317398201466828108, 170.449158,249.490478,0.044446
1317398201675487995, 171.264867,249.516882,0.033804
1317398201988373995, 172.362345,249.533729,0.020291
1317398202196921110, 173.004192,249.544723,0.012526
1317398202301184893, 173.321850,249.541604,0.008560
1317398202509768963, 173.948584,249.536517,-0.001133
1317398202718349934, 174.564245,249.528181,-0.012143
1317398202822628975, 174.860347,249.523110,-0.018022
1317398203031236887, 175.451743,249.502728,-0.032843
1317398203239834070, 176.029282,249.473610,-0.052944
1317398203448517084, 176.643474,249.418277,-0.081351
1317398203761517048, 177.582773,249.318304,-0.128703
1317398203970174074, 178.218459,249.212903,-0.166707
1317398204178793907, 178.889822,249.062540,-0.210683
1317398204491833925, 179.975428,248.778245,-0.290119
1317398204700536013, 180.729231,248.503723,-0.350504
1317398204909223080, 181.520052,248.143687,-0.416483
1317398205117885113, 182.306556,247.727022,-0.486413
1317398205326461077, 183.101298,247.220981,-0.559365
1317398205430763960, 183.499904,246.932873,-0.596315
1317398205639298916, 184.298923,246.310255,-0.671645
1317398205847851992, 185.064716,245.585638,-0.747533
1317398205952115059, 185.443534,245.193161,-0.784845
1317398206160602093, 186.188621,244.341907,-0.855741
1317398206369086981, 186.886513,243.415771,-0.926276
1317398206473340988, 187.225513,242.915307,-0.962687
1317398206681854010, 187.853740,241.856769,-1.036856
1317398206786099911, 188.140752,241.289910,-1.075266
1317398206994621992, 188.675279,240.135114,-1.153927
1317398207203125954, 189.101792,238.910038,-1.232481
1317398207307379007, 189.282325,238.272272,-1.272296
1317398207515795946, 189.615649,236.944893,-1.347195
1317398207724039078, 189.852408,235.567330,-1.410916
1317398207932225943, 190.023290,234.124261,4.816476
1317398208036267042, 190.097507,233.397205,4.792339
1317398208244798899, 190.186622,231.923078,4.750775
1317398208452410936, 190.195724,230.423247,4.711379
1317398208660522938, 190.168690,228.870801,4.671311
1317398208764595032, 190.134203,228.087157,4.652309
1317398208972728014, 190.024416,226.501562,4.619862
1317398209180818081, 189.865286,224.901330,4.594648
1317398209388869047, 189.645650,223.258534,4.577387
1317398209492903948, 189.527193,222.436028,4.570446
1317398209701006889, 189.285586,220.778757,4.561350
1317398209805104971, 189.161649,219.933151,4.557783
1317398210013259888, 188.886495,218.249799,4.553951
1317398210221355915, 188.626822,216.572020,4.556473
1317398210325381994, 188.496194,215.722907,4.559502
1317398210533404112, 188.247476,214.035000,4.570426
1317398210741457939, 188.026221,212.371031,4.582877
1317398210845516920, 187.933497,211.548010,4.589395
1317398211053644896, 187.746505,209.886099,4.602237
1317398211261831045, 187.585400,208.269650,4.613996
1317398211365938902, 187.517251,207.499845,4.618477
1317398211574232101, 187.384617,205.981033,4.625033
1317398211782680035, 187.267870,204.547399,4.626826
1317398211886909962, 187.205093,203.853885,4.626752
1317398212095422029, 187.091767,202.507763,4.624832
1317398212199675083, 187.037328,201.869908,4.622262
1317398212408221006, 186.928064,200.613097,4.615420
1317398212512500048, 186.868704,200.017412,4.609985
1317398212721131086, 186.734456,198.851729,4.595361
1317398212825484037, 186.661642,198.297011,4.585222
1317398213034214973, 186.484403,197.194284,4.554815
1317398213138628006, 186.383245,196.655847,4.534751
1317398213347558975, 186.140029,195.627435,4.486132
1317398213452056885, 186.005208,195.144540,4.455750
1317398213661111116, 185.683235,194.190723,4.379366
1317398213870189905, 185.287989,193.293622,4.292558
1317398213974756002, 185.057876,192.862494,4.245982
1317398214183829069, 184.551050,192.050679,4.146918
1317398214392790079, 183.971396,191.299026,4.041436
1317398214601627111, 183.320952,190.637489,3.937435
1317398214705979109, 182.971493,190.355783,3.884865
1317398215018953085, 181.818263,189.529510,3.729282
1317398215227550983, 180.955738,189.085491,3.629693
1317398215331800938, 180.489138,188.892156,3.583115
1317398215540143967, 179.498998,188.526108,3.500522
1317398215748251915, 178.448956,188.225748,3.434941
1317398215956145048, 177.370899,187.940565,3.382422
1317398216060080051, 176.806837,187.811233,3.360931
1317398216267882109, 175.631127,187.568775,3.327413
1317398216371778965, 175.026361,187.454355,3.313713
1317398216579687119, 173.760475,187.252302,3.288461
1317398216787663937, 172.448910,187.074849,3.265625
1317398216891632080, 171.755380,186.997268,3.257872
1317398217099562883, 170.331619,186.851200,3.250634
1317398217203537941, 169.598353,186.772410,3.250113
1317398217411535025, 168.129147,186.595177,3.251867
1317398217619668007, 166.589717,186.399971,3.251016
1317398217723784924, 165.805874,186.303012,3.250266
1317398217932035923, 164.192261,186.124658,3.247625
1317398218140312910, 162.506294,185.934894,3.244883
1317398218348695993, 160.785453,185.730368,3.241524
1317398218452855110, 159.908719,185.637989,3.238541
1317398218661290884, 158.085296,185.449154,3.232588
1317398218765507936, 157.147153,185.342992,3.229181
1317398218973849058, 155.291269,185.184008,3.225302
1317398219078008890, 154.366817,185.100773,3.225241
1317398219182166100, 153.404157,185.009791,3.225321
1317398219390460014, 151.498456,184.829903,3.226834
1317398219494609118, 150.544425,184.731857,3.227210
1317398219702925920, 148.627148,184.545782,3.228114
1317398219911195040, 146.711362,184.356512,3.228905
1317398220015353918, 145.756132,184.276668,3.228794
1317398220223637104, 143.828481,184.088633,3.228413
1317398220431940079, 141.916904,183.920871,3.226866
1317398220640234947, 140.020033,183.743422,3.225634
1317398220848514080, 138.152144,183.574167,3.224792
1317398221056811094, 136.272986,183.406302,3.223719
1317398221265104055, 134.407804,183.245845,3.223781
1317398221473418951, 132.551783,183.089612,3.224458
1317398221681778908, 130.701303,182.939191,3.224072
1317398221890173912, 128.843839,182.787234,3.223628
1317398222098627090, 126.979818,182.633513,3.221619
1317398222307125092, 125.114442,182.492010,3.216696
1317398222515580893, 123.215451,182.354130,3.212783
1317398222724067926, 121.308255,182.218120,3.209265
1317398222932526112, 119.395251,182.104166,3.207709
1317398223036756992, 118.420160,182.041454,3.207494
1317398223245188951, 116.487938,181.914295,3.208559
1317398223453579903, 114.532305,181.770844,3.211383
1317398223661873102, 112.553294,181.622679,3.218751
1317398223870162010, 110.544050,181.449363,3.228869
1317398224078427076, 108.547993,181.246772,3.238974
1317398224286709070, 106.534925,181.016977,3.247402
1317398224495095968, 104.500489,180.777686,3.252703
1317398224703515053, 102.433544,180.546174,3.255353
1317398224911936045, 100.338198,180.303999,3.256768
1317398225120347977, 98.192925,180.053749,3.257411
1317398225328710079, 96.065693,179.785577,3.258243
1317398225537101984, 93.925043,179.521095,3.258476
1317398225849611044, 90.721431,179.129050,3.256636
1317398226057950974, 88.583349,178.880933,3.255413
1317398226266271114, 86.443715,178.626330,3.254399
1317398226474595070, 84.303018,178.373282,3.253892
1317398226682900906, 82.167520,178.133022,3.254098
1317398226995358944, 78.966164,177.760876,3.255516
1317398227203676939, 76.843898,177.503947,3.256196
1317398227412008047, 74.713691,177.246858,3.254923
1317398227620390892, 72.600296,176.984268,3.250439
1317398227933001041, 69.409616,176.620938,3.239797
1317398228245565891, 66.191174,176.317370,3.229916
1317398228558033943, 62.956855,176.034914,3.221307
1317398228870441914, 59.711348,175.783496,3.216208
1317398229182777882, 56.431721,175.538413,3.216959
1317398229599168062, 51.989910,175.186151,3.223517
1317398229911493063, 48.645200,174.884544,3.232763
1317398230327925920, 44.113573,174.413846,3.245318
1317398230640333891, 40.665464,174.028640,3.251593
1317398230952656031, 37.197778,173.616242,3.258067
1317398231369038105, 32.557266,173.017748,3.268638
1317398231681446075, 29.099786,172.538293,3.274617
1317398231993880987, 25.629559,172.049052,3.279087
1317398232306288004, 22.191295,171.559398,3.281969
1317398232514592886, 19.925690,171.229919,3.283895
1317398232826973915, 16.547620,170.721404,3.287703
1317398233139413118, 13.221087,170.214451,3.291725
1317398233451781988, 9.946857,169.687860,3.295333
1317398233660027981, 7.826603,169.338402,3.297388
1317398233868278980, 5.793770,169.000858,3.300588
1317398234076522112, 3.807471,168.664582,3.304233
1317398234284849882, 1.896590,168.338511,3.307480
1317398234597369909, -0.855532,167.851750,3.312354
1317398234909920931, -3.458934,167.380185,3.311945
1317398235118393898, -5.094927,167.087585,3.304241
1317398235326937914, -6.696047,166.818622,3.291268
1317398235639893055, -9.026675,166.502138,3.259461
1317398235952914000, -11.297829,166.288020,3.224842
1317398236161458969, -12.762134,166.203696,3.203727
1317398236474167109, -14.884044,166.120450,3.178954
1317398236786654949, -16.925699,166.085582,3.171558
1317398237098977089, -18.822468,166.034114,3.179326
1317398237203088999, -19.418346,166.014768,3.183198
1317398237411351919, -20.545517,165.954885,3.192293
1317398237619656086, -21.589190,165.893856,3.201228
1317398237828010082, -22.529912,165.830419,3.209808
1317398238036406994, -23.375599,165.753486,3.218025
1317398238244822025, -24.121569,165.683731,3.225587
1317398238557482004, -25.050602,165.575518,3.234387
1317398238870172977, -25.791366,165.497838,3.241344
1317398239182899952, -26.431436,165.423106,3.246913
1317398239495660067, -27.033035,165.352694,3.252783
1317398239808437109, -27.631058,165.278197,3.258687
1317398240016925097, -28.014195,165.237572,3.262576
1317398240225373030, -28.409877,165.189396,3.267304
1317398240433795929, -28.807343,165.122202,3.272645
1317398240642194033, -29.245131,165.039486,3.279330
1317398240850611925, -29.758546,164.952970,3.285840
1317398241058970928, -30.345717,164.869294,3.293267
1317398241267395973, -30.998819,164.755787,3.299576
1317398241475857973, -31.742870,164.621040,3.301110
1317398241788558960, -33.045541,164.397704,3.298435
1317398241997057915, -34.031623,164.236778,3.295956
1317398242309798956, -35.650395,164.010356,3.293724
1317398242622454882, -37.417475,163.737985,3.296709
1317398242935036898, -39.401289,163.444475,3.304144
1317398243247677088, -41.468384,163.068805,3.312111
1317398243456155062, -42.965474,162.786556,3.313943
1317398243768873930, -45.332916,162.362675,3.317431
1317398244185786963, -48.679531,161.732194,3.320832
1317398244498428106, -51.361813,161.230656,3.322484
1317398244811109066, -54.116898,160.714523,3.319463
1317398245123872042, -56.980149,160.180898,3.314046
1317398245332384109, -58.934760,159.839499,3.310786
1317398245540822029, -60.918816,159.502772,3.309187
1317398245749243975, -62.913163,159.164494,3.309811
1317398245853432894, -63.909494,158.987590,3.310571
1317398246061760902, -65.948824,158.621844,3.312388
1317398246165951967, -66.974820,158.449446,3.313130
1317398246374258995, -69.024221,158.077883,3.314145
1317398246582628012, -71.094126,157.712761,3.314312
1317398246686785936, -72.133850,157.534060,3.313942
1317398246895087004, -74.201372,157.171014,3.313941
1317398246999219894, -75.253849,156.975542,3.313822
1317398247207525015, -77.359006,156.592088,3.313887
1317398247311674118, -78.403339,156.401328,3.314126
1317398247624078035, -81.554175,155.830133,3.314881
1317398247832400084, -83.649738,155.438200,3.315855
1317398248040735006, -85.719738,155.067471,3.315079
1317398248249100924, -87.810679,154.687785,3.314609
1317398248561659098, -90.949824,154.146894,3.315159
1317398248769956112, -93.051691,153.771627,3.317121
1317398248978302956, -95.165466,153.390255,3.319123
1317398249186702967, -97.257194,153.013852,3.320450
1317398249395077944, -99.348947,152.612191,3.321625
1317398249603478909, -101.473554,152.207247,3.322715
1317398249916002989, -104.643783,151.617249,3.325311
1317398250124305964, -106.776373,151.187901,3.328811
1317398250228473902, -107.832428,150.983494,3.330673
1317398250436748981, -109.966739,150.560638,3.336732
1317398250749264002, -113.167338,149.907510,3.343712
1317398250957580090, -115.302582,149.442114,3.348527
1317398251165896893, -117.447860,148.969137,3.352966
1317398251374201059, -119.579095,148.493234,3.357939
1317398251478327036, -120.646422,148.256115,3.360576
1317398251686602116, -122.785869,147.762037,3.366004
1317398251790735006, -123.853417,147.508608,3.368821
1317398251894861937, -124.930374,147.245652,3.371531
1317398252103116989, -127.062303,146.738507,3.376478
1317398252207240105, -128.133777,146.480985,3.379052
1317398252311351061, -129.207660,146.216154,3.381760
1317398252519561052, -131.351380,145.670527,3.386917
1317398252623698950, -132.431922,145.404831,3.388936
1317398252831892967, -134.568732,144.848067,3.392285
1317398252936038971, -135.647764,144.574518,3.394101
1317398253040160894, -136.724544,144.294851,3.395985
1317398253248397112, -138.869411,143.731605,3.398952
1317398253352566957, -139.949579,143.433254,3.400413
1317398253456724882, -141.024098,143.139476,3.401689
1317398253665043116, -143.170871,142.554117,3.404041
1317398253769201994, -144.251483,142.260335,3.405019
1317398253977565050, -146.413051,141.678980,3.405112
1317398254081727028, -147.493915,141.388364,3.405188
1317398254185859919, -148.579305,141.085117,3.405446
1317398254394162893, -150.749681,140.489772,3.404955
1317398254498312950, -151.843884,140.182561,3.404806
1317398254602438927, -152.940453,139.880199,3.405183
1317398254706574917, -154.033294,139.579936,3.405787
1317398254810717106, -155.125374,139.280835,3.406554
1317398254914822102, -156.222784,138.971485,3.407339
1317398255018934965, -157.319755,138.666125,3.408060
1317398255123050928, -158.422183,138.351934,3.408182
1317398255227160931, -159.517709,138.041403,3.408602
1317398255331281900, -160.612838,137.738782,3.408562
1317398255435394049, -161.704303,137.428304,3.408587
1317398255539505959, -162.810738,137.119562,3.408863
1317398255643601894, -163.912675,136.814326,3.408807
1317398255747709036, -165.014334,136.512042,3.408305
1317398255851820946, -166.118725,136.205328,3.407981
1317398255955914974, -167.226303,135.902596,3.408326
1317398256164122105, -169.421722,135.289422,3.408402
1317398256268205881, -170.529844,134.976679,3.408210
1317398256372329950, -171.638218,134.675693,3.408299
1317398256476450920, -172.742439,134.368107,3.408464
1317398256580539942, -173.847740,134.068291,3.409120
1317398256684627056, -174.953323,133.760954,3.409553
1317398256788737059, -176.046765,133.460482,3.410336
1317398256892842054, -177.138484,133.156797,3.410729
1317398256996952057, -178.242886,132.844493,3.410878
1317398257101058006, -179.336380,132.535386,3.410772
1317398257205180883, -180.426388,132.234563,3.411186
1317398257309313059, -181.505137,131.936793,3.411373
1317398257413424969, -182.593382,131.632183,3.411293
1317398257517539024, -183.661497,131.326155,3.410755
1317398257621650934, -184.724803,131.021111,3.410256
1317398257725761890, -185.806703,130.713981,3.409954
1317398257829902887, -186.892179,130.414981,3.409735
1317398257934034109, -187.969846,130.119897,3.409246
1317398258038151026, -189.041862,129.816661,3.409526
1317398258142261028, -190.100603,129.527473,3.409404
1317398258350497007, -192.181694,128.961096,3.408920
1317398258454586983, -193.233768,128.663493,3.410295
1317398258558676958, -194.301011,128.372644,3.411468
1317398258662772894, -195.357913,128.091621,3.411635
1317398258766882896, -196.394825,127.801298,3.411817
1317398258975086927, -198.402895,127.223591,3.411429
1317398259079202890, -199.395297,126.938518,3.411650
1317398259183314085, -200.388821,126.648455,3.412362
1317398259287426949, -201.388738,126.360370,3.412403
1317398259391558886, -202.391638,126.075471,3.412778
1317398259495702982, -203.377661,125.794567,3.413385
1317398259599826097, -204.347517,125.511852,3.414019
1317398259703912973, -205.318768,125.241415,3.414918
1317398259808016062, -206.284492,124.971583,3.415213
1317398259912152052, -207.240153,124.700690,3.415274
1317398260016293049, -208.183381,124.432345,3.415239
1317398260120436907, -209.129358,124.160946,3.414601
1317398260224596024, -210.068084,123.897946,3.413251
1317398260328772068, -210.998787,123.626108,3.411809
1317398260432900906, -211.924918,123.367145,3.410256
1317398260536993980, -212.847004,123.100895,3.409366
1317398260641108036, -213.752697,122.841473,3.409219
1317398260745220900, -214.668362,122.585117,3.409714
1317398260849298000, -215.575940,122.338769,3.410437
1317398260953394890, -216.467121,122.091105,3.411884
1317398261057504892, -217.351546,121.836946,3.414376
1317398261161569118, -218.235329,121.572217,3.417683
1317398261265633106, -219.119562,121.313601,3.421391
1317398261369708061, -219.995163,121.047839,3.425299
1317398261473778009, -220.870821,120.795420,3.429514
1317398261577867031, -221.740013,120.538095,3.434527
1317398261681955099, -222.600843,120.262952,3.439868
1317398261786026955, -223.447498,119.999326,3.445843
1317398261890104055, -224.294320,119.717584,3.452336
1317398261994215012, -225.143628,119.438216,3.458586
1317398262098325968, -225.993668,119.146674,3.465831
1317398262202435970, -226.832549,118.852494,3.472605
1317398262306569099, -227.643862,118.567311,3.479175
1317398262410732031, -228.456703,118.272555,3.485029
1317398262514939070, -229.264878,117.962980,3.489369
1317398262619190931, -230.069818,117.649463,3.492149
1317398262723445892, -230.877137,117.333118,3.493259
1317398262827718019, -231.669858,117.034473,3.493377
1317398262932025909, -232.461583,116.732473,3.492723
1317398263036324024, -233.246414,116.437855,3.492052
1317398263140609980, -234.028554,116.146288,3.490915
1317398263244864941, -234.806993,115.851277,3.489262
1317398263349142075, -235.559618,115.564009,3.485994
1317398263453468084, -236.304856,115.280220,3.480798
1317398263557806969, -237.030065,115.004837,3.471701
1317398263662182093, -237.761946,114.754533,3.459855
1317398263766556978, -238.494634,114.509036,3.447226
1317398263870893002, -239.211789,114.288905,3.434220
1317398263975230932, -239.928319,114.075359,3.421738
1317398264079525948, -240.631575,113.884483,3.409550
1317398264183795929, -241.318704,113.701670,3.397187
1317398264288096905, -241.996242,113.523343,3.384083
1317398264392409086, -242.672299,113.359730,3.369878
1317398264496712923, -243.340754,113.217520,3.355163
1317398264600990057, -244.007492,113.074993,3.341126
1317398264705280066, -244.661331,112.954195,3.326721
1317398264913789988, -245.937262,112.740282,3.297309
1317398265018055916, -246.566414,112.660990,3.281927
1317398265122288942, -247.180027,112.580624,3.267239
1317398265226495981, -247.769310,112.517467,3.252661
1317398265330725908, -248.363088,112.465006,3.237900
1317398265434943914, -248.953161,112.424011,3.223670
1317398265539163113, -249.517766,112.387079,3.210585
1317398265643381119, -250.084358,112.358834,3.197467
1317398265747575998, -250.627503,112.342192,3.185002
1317398265851751089, -251.174992,112.322149,3.174722
1317398265955883026, -251.718670,112.310042,3.166555
1317398266059990883, -252.226915,112.304190,3.161136
1317398266164052963, -252.747478,112.302444,3.158689
1317398266268091917, -253.240783,112.298741,3.158311
1317398266372154951, -253.735060,112.287397,3.160087
1317398266580204964, -254.669032,112.259591,3.170086
1317398266684195042, -255.130824,112.248045,3.179315
1317398266788162947, -255.564073,112.225933,3.191009
1317398266892131090, -255.998312,112.189968,3.205832
1317398266996098042, -256.395018,112.133375,3.224000
1317398267100063086, -256.792040,112.076418,3.243208
1317398267204030037, -257.174689,112.012921,3.264875
1317398267307990074, -257.540053,111.940893,3.288831
1317398267411931992, -257.908322,111.867593,3.316269
1317398267515857935, -258.256420,111.769824,3.346507
1317398267619802952, -258.578743,111.664411,3.379156
1317398267827691078, -259.197887,111.396628,3.450689
1317398267931653976, -259.488695,111.261249,3.488470
1317398268035645008, -259.766400,111.125432,3.526434
1317398268139683962, -260.047765,110.974690,3.563085
1317398268243746996, -260.312597,110.815321,3.599359
1317398268347803116, -260.564625,110.654530,3.635831
1317398268451869011, -260.813452,110.467684,3.671690
1317398268555954933, -261.043872,110.284313,3.707611
1317398268660079956, -261.263524,110.092226,3.742360
1317398268764246941, -261.479959,109.890309,3.776554
1317398268868407011, -261.693256,109.691667,3.809531
1317398268972556114, -261.910991,109.487775,3.841346
1317398269076736927, -262.109786,109.277530,3.873088
1317398269285716057, -262.467378,108.846161,3.931533
1317398269389389038, -262.636941,108.628819,3.956699
1317398269493669033, -262.806641,108.402278,3.978289
1317398269597963095, -262.978670,108.176792,3.998333
1317398269702274084, -263.157533,107.943306,4.019165
1317398269806602955, -263.328328,107.719594,4.037629
1317398269910953045, -263.506863,107.488590,4.054153
1317398270119545937, -263.848290,107.004177,4.089980
1317398270223802090, -264.014302,106.755848,4.107717
1317398270328044891, -264.182010,106.511351,4.125892
1317398270536433935, -264.517041,105.940025,4.167559
1317398270640592098, -264.682298,105.641094,4.192260
1317398270744728088, -264.838100,105.349137,4.218934
1317398270848862886, -264.985261,105.043152,4.246290
1317398270953022957, -265.117504,104.723065,4.273939
1317398271057151079, -265.242054,104.393481,4.302479
1317398271161263943, -265.359467,104.052173,4.332913
1317398271265371084, -265.473416,103.704827,4.364706
1317398271369462013, -265.584267,103.344338,4.396992
1317398271473558903, -265.680728,102.968215,4.430389
1317398271681737900, -265.821445,102.161892,4.498300
1317398271785834074, -265.874126,101.722102,4.533087
1317398271889996052, -265.928091,101.275378,4.563881
1317398271994203091, -265.967160,100.807461,4.591450
1317398272098455906, -265.985258,100.328011,4.615606
1317398272202771902, -265.992366,99.831975,4.633279
1317398272307122946, -266.001648,99.307374,4.645928
1317398272411957026, -266.037898,98.748127,4.656790
1317398272516282082, -266.073483,98.155570,4.669380
1317398272620054007, -266.098229,97.542810,4.683730
1317398272724261045, -266.110004,96.899761,4.700197
1317398272828469038, -266.101221,96.250376,4.716063
1317398272932676077, -266.081799,95.556822,4.732121
1317398273036883116, -266.059943,94.841419,4.748266
1317398273141088009, -266.014523,94.093876,4.764488
1317398273245326996, -265.965404,93.331433,4.778363
1317398273349608898, -265.897529,92.551116,4.791185
1317398273453912973, -265.818676,91.747827,4.802131
1317398273558237076, -265.722104,90.921747,4.809895
1317398273662564993, -265.619464,90.061800,4.816428
1317398273871217966, -265.411743,88.270942,4.824528
1317398273975519896, -265.294899,87.348873,4.826749
1317398274079822063, -265.176627,86.398922,4.828495
1317398274184124947, -265.054818,85.419452,4.830277
1317398274288394928, -264.933664,84.414855,4.831856
1317398274392651081, -264.807094,83.387608,4.833182
1317398274496906042, -264.681742,82.331520,4.834717
1317398274601169109, -264.542807,81.265418,4.836026
1317398274705423117, -264.402442,80.169907,4.837803
1317398274913913965, -264.090521,77.922686,4.840903
1317398275018112898, -263.925996,76.766259,4.842042
1317398275122323036, -263.773200,75.590766,4.843164
1317398275226505041, -263.613391,74.416334,4.844904
1317398275330692053, -263.459475,73.229044,4.847128
1317398275434874058, -263.301446,72.071636,4.849314
1317398275539041996, -263.140072,70.901191,4.851126
1317398275643224955, -262.966184,69.731205,4.853266
1317398275747419119, -262.793111,68.557674,4.855665
1317398275851629019, -262.610528,67.385697,4.858146
1317398276059990883, -262.250775,65.050243,4.862533
1317398276268356085, -261.880265,62.732385,4.868053
1317398276372554064, -261.692322,61.570656,4.870475
1317398276476735115, -261.500350,60.385044,-1.410622
1317398276580929995, -261.298510,59.229522,-1.409106
1317398276685138941, -261.098042,58.069383,-1.407399
1317398276789309978, -260.904970,56.919354,-1.406223
1317398276893488884, -260.696444,55.766882,-1.405433
1317398277101854086, -260.298807,53.478451,-1.404109
1317398277206010103, -260.096267,52.321242,-1.403089
1317398277310147047, -259.900701,51.173515,-1.402138
1317398277414293051, -259.700078,50.027951,-1.401115
1317398277518426895, -259.495634,48.876241,-1.399970
1317398277622561932, -259.294297,47.744598,-1.398599
1317398277726672888, -259.089147,46.610383,-1.396738
1317398277830777884, -258.878202,45.473763,-1.395158
1317398278038981915, -258.462049,43.218147,-1.391706
1317398278143099070, -258.253093,42.112929,-1.389732
1317398278247222900, -258.042579,40.997342,-1.388713
1317398278351340055, -257.828050,39.880808,-1.387843
1317398278455452919, -257.604806,38.752193,-1.387215
1317398278663721085, -257.178237,36.549545,-1.386216
1317398278767828941, -256.965702,35.451619,-1.386770
1317398278976136923, -256.540888,33.276287,-1.390239
1317398279080346107, -256.340017,32.186039,-1.393861
1317398279184551954, -256.140956,31.085995,-1.398261
1317398279288739920, -255.947953,29.993970,-1.402281
1317398279392904043, -255.760078,28.908625,-1.405917
1317398279497061014, -255.581989,27.817826,-1.409250
1317398279705728054, -255.209579,25.630709,4.869281
1317398279809886932, -255.016366,24.541578,4.867544
1317398279913683891, -254.839342,23.465491,4.865410
1317398280017827988, -254.659521,22.391995,4.863765
1317398280226095915, -254.325354,20.237294,4.863087
1317398280330208063, -254.158268,19.159116,4.863548
1317398280434309006, -253.988262,18.066715,4.863498
1317398280538456917, -253.819721,16.984666,4.863472
1317398280746773005, -253.474593,14.822908,4.862564
1317398280850958109, -253.300134,13.731591,4.861774
1317398280955132008, -253.131697,12.639243,4.861659
1317398281059264898, -252.968581,11.567209,4.861973
1317398281267540932, -252.637523,9.428171,4.864025
1317398281371673107, -252.468597,8.355795,4.865833
1317398281475800991, -252.293059,7.279250,4.867513
1317398281579947948, -252.117420,6.213089,4.869243
1317398281788266897, -251.769140,4.100672,-1.410127
1317398281892445087, -251.589445,3.046288,-1.408306
1317398281996625900, -251.404907,2.002117,-1.406518
1317398282100786924, -251.221790,0.945747,-1.404874
1317398282204969883, -251.036227,-0.102453,-1.403670
1317398282413306952, -250.659505,-2.186440,-1.401681
1317398282517488956, -250.473282,-3.223146,-1.401013
1317398282621670008, -250.286330,-4.271155,-1.400863
1317398282725855112, -250.104208,-5.287061,-1.401094
1317398282934247971, -249.732923,-7.341569,-1.402133
1317398283038470984, -249.548678,-8.360946,-1.403453
1317398283142710924, -249.370812,-9.379080,-1.405579
1317398283246989012, -249.190474,-10.404467,-1.408789
1317398283351260900, -249.016974,-11.430195,-1.411916
1317398283559756041, -248.682892,-13.456037,4.865497
1317398283664084911, -248.520187,-14.455912,4.863030
1317398283872412920, -248.204844,-16.464028,4.859119
1317398283976604939, -248.048434,-17.470043,4.857387
1317398284080760956, -247.895420,-18.473527,4.855830
1317398284184911013, -247.747141,-19.472318,4.854530
1317398284289068937, -247.590702,-20.470601,4.853487
1317398284393225908, -247.449510,-21.473829,4.852417
1317398284497395992, -247.310445,-22.456178,4.851496
1317398284601530075, -247.160052,-23.450630,4.851081
1317398284705605984, -247.021436,-24.437830,4.852136
1317398284809670925, -246.877413,-25.420047,4.854733
1317398284913746119, -246.727846,-26.388379,4.859056
1317398285017760038, -246.576051,-27.373044,4.865573
1317398285121750116, -246.416958,-28.342328,-1.409340
1317398285225764036, -246.233141,-29.316763,-1.400399
1317398285329742908, -246.056778,-30.272001,-1.390309
1317398285537759066, -245.663841,-32.187121,-1.369221
1317398285641777039, -245.463417,-33.137577,-1.358031
1317398285745768070, -245.240212,-34.080217,-1.346697
1317398285849756956, -245.014543,-35.011913,-1.334813
1317398285953737974, -244.766462,-35.949795,-1.321683
1317398286161679983, -244.242444,-37.822199,-1.288142
1317398286265638113, -243.950668,-38.737378,-1.269831
1317398286473615885, -243.324527,-40.548839,-1.229285
1317398286577606916, -242.973334,-41.456869,-1.208878
1317398286681611061, -242.600742,-42.348796,-1.187859
1317398286785607100, -242.212808,-43.239831,-1.166518
1317398286889596939, -241.816363,-44.127048,-1.144069
1317398286993587017, -241.386884,-45.003597,-1.121321
1317398287097599030, -240.929982,-45.871401,-1.098184
1317398287306185961, -239.974026,-47.571043,-1.051117
1317398287410233021, -239.462026,-48.422569,-1.027455
1317398287513654947, -238.924876,-49.260750,-1.003392
1317398287617695093, -238.367094,-50.083845,-0.979347
1317398287721735001, -237.788071,-50.907932,-0.954836
1317398287825742006, -237.177331,-51.713938,-0.930419
1317398288033853054, -235.909095,-53.281855,-0.882683
1317398288137938976, -235.234490,-54.054997,-0.860699
1317398288242038965, -234.555956,-54.817041,-0.839724
1317398288346162081, -233.840943,-55.563207,-0.818556
1317398288450297117, -233.113894,-56.314304,-0.798442
1317398288658648968, -231.613713,-57.770441,-0.764674
1317398288762904882, -230.842692,-58.473469,-0.751999
1317398288971447945, -229.253263,-59.897118,-0.734369
1317398289075731039, -228.438149,-60.617659,-0.728342
1317398289284238100, -226.805041,-62.057355,-0.721167
1317398289388468027, -225.973930,-62.769784,-0.718727
1317398289492702961, -225.132820,-63.496252,-0.716701
1317398289596925020, -224.283779,-64.223834,-0.715235
1317398289701124907, -223.429954,-64.949253,-0.714572
1317398289805341959, -222.587164,-65.671553,-0.714761
1317398289909548044, -221.740531,-66.394740,-0.716383
1317398290117954016, -220.056160,-67.854603,-0.722865
1317398290222161055, -219.214796,-68.577641,-0.728357
1317398290326369047, -218.376578,-69.326053,-0.734431
1317398290430582047, -217.548233,-70.072299,-0.741125
1317398290534796953, -216.727262,-70.814679,-0.748438
1317398290639002085, -215.912737,-71.566194,-0.756103
1317398290743201971, -215.108835,-72.314106,-0.764817
1317398290847383976, -214.312651,-73.078335,-0.773336
1317398290951564074, -213.536490,-73.848880,-0.781705
1317398291159912109, -211.996329,-75.414073,-0.794657
1317398291264013052, -211.225224,-76.198073,-0.797789
1317398291368072033, -210.475060,-76.970098,-0.799938
1317398291472161055, -209.721271,-77.745988,-0.801719
1317398291680320978, -208.229807,-79.291308,-0.805281
1317398291784380913, -207.485090,-80.057343,-0.806382
1317398291888443947, -206.749747,-80.826027,-0.807211
1317398291992528915, -206.015347,-81.588299,-0.807629
1317398292096625090, -205.291593,-82.345033,-0.808207
1317398292200684071, -204.562367,-83.106717,-0.808646
1317398292408852100, -203.117167,-84.615235,-0.809654
1317398292512913942, -202.404065,-85.363062,-0.810363
1317398292616988897, -201.693752,-86.112491,-0.810689
1317398292721044064, -200.993358,-86.847406,-0.811330
1317398292825103045, -200.304818,-87.576703,-0.811851
1317398293033149958, -198.941778,-89.006977,-0.808443
1317398293137151003, -198.282349,-89.691699,-0.804235
1317398293241138935, -197.642531,-90.356932,-0.799478
1317398293345129967, -197.013996,-90.998724,-0.793435
1317398293449125051, -196.397416,-91.611100,-0.785724
1317398293657141924, -195.208299,-92.766556,-0.771304
1317398293865243912, -194.084668,-93.826846,-0.757997
1317398293969331980, -193.545872,-94.321708,-0.751211
1317398294073419094, -193.024961,-94.792846,-0.745325
1317398294177537918, -192.513090,-95.247053,-0.739082
1317398294385786057, -191.546982,-96.105484,-0.727502
1317398294489891052, -191.083837,-96.507254,-0.720100
1317398294593976021, -190.623513,-96.894821,-0.711776
1317398294698044062, -190.173415,-97.264294,-0.701865
1317398294906116009, -189.296934,-97.959013,-0.676823
1317398295010154963, -188.865082,-98.276419,-0.663049
1317398295114192009, -188.445094,-98.592703,-0.649138
1317398295322309971, -187.605320,-99.177798,-0.618611
1317398295426318884, -187.199167,-99.443259,-0.601532
1317398295530328989, -186.783747,-99.695597,-0.582514
1317398295738301039, -185.994663,-100.141545,-0.537128
1317398295842292070, -185.617097,-100.335579,-0.511861
1317398295946281910, -185.252681,-100.492595,-0.485110
1317398296154393911, -184.597448,-100.741840,-0.432942
1317398296258516073, -184.316220,-100.849964,-0.409130
1317398296466782093, -183.749708,-101.031760,-0.362605
1317398296675087929, -183.161097,-101.173590,-0.312205
1317398296779175043, -182.875089,-101.241943,-0.284453
1317398296987365961, -182.304057,-101.328297,-0.226238
1317398297195596933, -181.768675,-101.388621,-0.168960
1317398297299735069, -181.492464,-101.403027,-0.140305
1317398297507951975, -180.907062,-101.405993,-0.081447
1317398297612062931, -180.602802,-101.407943,-0.050866
1317398297820322037, -179.970644,-101.378822,0.010083
1317398297924444914, -179.628552,-101.354617,0.041288
1317398298132666111, -178.931694,-101.263014,0.103762
1317398298236753941, -178.560437,-101.194798,0.135621
1317398298445008039, -177.791506,-101.021348,0.198436
1317398298549109936, -177.378906,-100.898214,0.229454
1317398298757394075, -176.520778,-100.619423,0.289070
1317398298965754986, -175.607534,-100.278360,0.341217
1317398299069988012, -175.126214,-100.089363,0.364204
1317398299278453112, -174.077176,-99.638651,0.408607
1317398299486876011, -172.968350,-99.088307,0.457159
1317398299695230961, -171.800088,-98.465166,0.510139
1317398299903570890, -170.575032,-97.723310,0.565744
1317398300111871004, -169.362492,-96.878902,0.624167
1317398300216047049, -168.747469,-96.422343,0.653449
1317398300424544096, -167.529589,-95.390822,0.705347
1317398300633157015, -166.305315,-94.248151,0.748036
1317398300737469912, -165.686381,-93.646679,0.765196
1317398300946276903, -164.439363,-92.385986,0.789879
1317398301050692081, -163.792527,-91.734198,0.797118
1317398301259553909, -162.486602,-90.372710,0.801476
1317398301468381882, -161.128849,-88.959183,0.799767
1317398301677032948, -159.723046,-87.498110,0.797520
1317398301781341076, -159.001630,-86.756058,0.796330
1317398302094201088, -156.781195,-84.471202,0.791361
1317398302302725077, -155.247638,-82.910239,0.786267
1317398302511253119, -153.656008,-81.312483,0.779249
1317398302615499020, -152.833455,-80.489837,0.774732
1317398302823959112, -151.164236,-78.864172,0.763333
1317398303032407045, -149.455158,-77.245832,0.751119
1317398303240755081, -147.699104,-75.628196,0.738964
1317398303448995113, -145.909347,-74.020870,0.725387
1317398303657273054, -144.113407,-72.433578,0.710076
1317398303865470886, -142.272303,-70.861958,0.694154
1317398304073596954, -140.405082,-69.312426,0.680041
1317398304281624079, -138.519902,-67.792527,0.669766
1317398304489589930, -136.630109,-66.304191,0.664204
1317398304593523979, -135.696495,-65.566851,0.663341
1317398304801522017, -133.821565,-64.087332,0.663290
1317398305009568930, -131.944144,-62.613395,0.661214
1317398305217602968, -130.062210,-61.138892,0.660373
1317398305425668955, -128.187012,-59.685530,0.659649
1317398305633719921, -126.286665,-58.198597,0.658097
1317398305841814041, -124.383732,-56.719194,0.657123
1317398306049884081, -122.491967,-55.256906,0.656360
1317398306257941961, -120.607032,-53.787833,0.655496
1317398306466080904, -118.726134,-52.330241,0.654781
1317398306674179077, -116.842222,-50.872790,0.656564
1317398306882288933, -114.988670,-49.428075,0.659904
1317398306986340046, -114.059393,-48.707260,0.661652
1317398307194470882, -112.224155,-47.263109,0.664836
1317398307298556089, -111.318103,-46.548409,0.665336
1317398307506789923, -109.521326,-45.113202,0.660578
1317398307715157986, -107.722909,-43.708457,0.647987
1317398307923573971, -105.913156,-42.347128,0.628419
1317398308131967068, -104.058330,-41.003569,0.606321
1317398308340318918, -102.192714,-39.730946,0.586076
1317398308444438934, -101.245493,-39.115900,0.578675
1317398308652587891, -99.351092,-37.893017,0.568127
1317398308860753059, -97.452050,-36.687381,0.559573
1317398308964900017, -96.508248,-36.090811,0.554329
1317398309173077106, -94.599065,-34.898068,0.546137
1317398309277164936, -93.630686,-34.303988,0.544023
1317398309485285044, -91.701303,-33.130137,0.542046
1317398309589381933, -90.739828,-32.528866,0.540744
1317398309797616959, -88.835183,-31.358777,0.532747
1317398309901791096, -87.891598,-30.794058,0.526725
1317398310005961895, -86.924234,-30.222039,0.520329
1317398310214320898, -84.969119,-29.116392,0.506484
1317398310318538904, -83.987233,-28.582964,0.497992
1317398310526909113, -82.004629,-27.508126,0.481068
1317398310631127119, -81.015960,-27.004534,0.471990
1317398310839473963, -79.003172,-25.988231,0.455778
1317398311047784090, -76.964629,-24.998405,0.441542
1317398311151937008, -75.942914,-24.514916,0.434743
1317398311360183001, -73.879854,-23.572278,0.424811
1317398311464279890, -72.864798,-23.107945,0.421992
1317398311672430992, -70.809034,-22.194704,0.416568
1317398311776499033, -69.778954,-21.741137,0.413929
1317398311984647036, -67.713532,-20.834986,0.407693
1317398312088711977, -66.700422,-20.400132,0.404565
1317398312192775011, -65.677240,-19.959117,0.401421
1317398312400923014, -63.642051,-19.095883,0.397037
1317398312504981041, -62.629294,-18.670067,0.395275
1317398312713067055, -60.604814,-17.820883,0.390953
1317398312817065954, -59.592389,-17.390886,0.389308
1317398313025115013, -57.572869,-16.564087,0.385506
1317398313129101992, -56.556435,-16.138714,0.383832
1317398313337116003, -54.547050,-15.336341,0.380452
1317398313441127062, -53.545671,-14.937371,0.378368
1317398313649142027, -51.534823,-14.134941,0.374331
1317398313857150078, -49.538095,-13.344127,0.370812
1317398314065149069, -47.560839,-12.563613,0.366425
1317398314273221970, -45.596525,-11.813132,0.361078
1317398314481286049, -43.625072,-11.059361,0.354451
1317398314585300922, -42.631035,-10.684380,0.351334
1317398314793332100, -40.672621,-9.963050,0.346255
1317398315001380920, -38.740045,-9.259665,0.342066
1317398315105421066, -37.764270,-8.909720,0.339599
1317398315313512087, -35.822812,-8.223483,0.335442
1317398315521611929, -33.897055,-7.544065,0.331519
1317398315625662088, -32.931147,-7.206431,0.329465
1317398315833717108, -31.027972,-6.553254,0.325784
1317398315937760115, -30.099069,-6.241441,0.324461
1317398316145796061, -28.262298,-5.615736,0.321758
1317398316249834061, -27.358882,-5.305351,0.320212
1317398316457952976, -25.588829,-4.711931,0.317740
1317398316562000036, -24.727033,-4.418606,0.316721
1317398316770113945, -22.997328,-3.845923,0.314060
1317398316978243113, -21.331554,-3.304908,0.311608
1317398317082308054, -20.526713,-3.039016,0.310533
1317398317290477037, -18.978935,-2.537903,0.308056
1317398317498673916, -17.513074,-2.060008,0.306057
1317398317706906080, -16.100074,-1.605423,0.306376
1317398317915138960, -14.761571,-1.171781,0.308364
1317398318123465061, -13.495891,-0.768293,0.309709
1317398318331796885, -12.301074,-0.374559,0.308667
1317398318436005116, -11.722500,-0.190661,0.306545
1317398318644432068, -10.602668,0.169629,0.302252
1317398318852868080, -9.536057,0.488642,0.298231
1317398318957072973, -9.047001,0.637206,0.296375
1317398319165486097, -8.109110,0.927370,0.292358
1317398319373850107, -7.272145,1.179226,0.289940
1317398319582217932, -6.532843,1.407020,0.288047
1317398319790537119, -5.861564,1.607619,0.289289
1317398319998755932, -5.267679,1.802774,0.294812
1317398320102842093, -4.989857,1.899929,0.300550
1317398320310946941, -4.461688,2.094504,0.316073
1317398320518997908, -3.965401,2.278871,0.340264
1317398320726978064, -3.489631,2.493234,0.372969
1317398320935028076, -3.060904,2.715812,0.407803
1317398321143354893, -2.701690,2.889676,0.428693
1317398321456116915, -2.424376,3.021946,0.443661
1317398321664674997, -2.391615,3.045886,0.445938
1317398321873229980, -2.408233,3.025472,0.445898
1317398322081763983, -2.407377,3.027966,0.445365
1317398322290271044, -2.407963,3.033439,0.445865
1317398322498733044, -2.404614,3.033194,0.445814
1317398322707242012, -2.404756,3.035736,0.445617
1317398322915729046, -2.405073,3.030058,0.445576
1317398323019959927, -2.404082,3.033633,0.445608
1317398323228466988, -2.403862,3.033065,0.445508
1317398323436924934, -2.401341,3.032658,0.445607
1317398323749643087, -2.399280,3.032244,0.445549
1317398323853876114, -2.400879,3.033465,0.445591
1317398324062316895, -2.397745,3.035029,0.445579
1317398324270751953, -2.399782,3.033625,0.445677
1317398324479238987, -2.402206,3.033016,0.445657
1317398324791928053, -2.403323,3.034371,0.445606
1317398325000341892, -2.403382,3.032123,0.445675
1317398325208754063, -2.403202,3.030823,0.445715
1317398325521373987, -2.403213,3.033213,0.445613
1317398325833972931, -2.404536,3.032784,0.445566
1317398326042385101, -2.403371,3.030227,0.445527
1317398326355029106, -2.403256,3.033221,0.445604
1317398326667627096, -2.402041,3.031219,0.445568
1317398326876063108, -2.403850,3.027092,0.445610
1317398327084476948, -2.404831,3.024493,0.445569
1317398327292937040, -2.404479,3.027509,0.445644
1317398327605534077, -2.404561,3.024746,0.445636
1317398327813899040, -2.403694,3.023753,0.445633
1317398328022288084, -2.404304,3.024265,0.445580
1317398328230653048, -2.403507,3.024354,0.446267
1317398328543227911, -2.378328,3.042165,0.447697
1317398328751616955, -2.347728,3.061023,0.449330
1317398328960005045, -2.305227,3.086005,0.452262
1317398329272412062, -2.141668,3.181409,0.466691
1317398329480561972, -1.944563,3.307436,0.487721
1317398329792459011, -1.483798,3.617435,0.543143
1317398330000271082, -1.080287,3.918219,0.596922
1317398330207942963, -0.624351,4.303310,0.663385
1317398330415635109, -0.162757,4.798253,0.740679
1317398330727080107, 0.541684,5.715398,0.873775
1317398331038572073, 1.207587,6.827177,1.021427
1317398331246387005, 1.599518,7.712512,1.122196
1317398331454341888, 1.949904,8.725856,1.220769
1317398331662470102, 2.215892,9.829619,1.316177
1317398331870788097, 2.420361,11.039637,1.402229
1317398332079272985, 2.555084,12.365221,1.477619
1317398332287777901, 2.626601,13.778869,1.549161
1317398332496289968, 2.571664,15.271096,1.617385
1317398332704824924, 2.413135,16.846324,1.678022
1317398332913430929, 2.149720,18.481922,1.728496
1317398333122133017, 1.812149,20.208137,1.766003
1317398333330979109, 1.423907,22.013810,1.788644
1317398333435400009, 1.201499,22.952593,1.795321
1317398333644294024, 0.745668,24.895375,1.802144
1317398333853090048, 0.260952,26.938454,1.803060
1317398334061769962, -0.246369,29.055694,1.803622
1317398334270302057, -0.771671,31.267734,1.806083
1317398334478785038, -1.333031,33.510591,1.808877
1317398334687225103, -1.894412,35.770353,1.812237
1317398334999820948, -2.722752,39.100988,1.817331
1317398335312320948, -3.599968,42.446165,1.821939
1317398335520639896, -4.175528,44.652682,1.824310
1317398335728956938, -4.758031,46.841460,1.824421
1317398335937273979, -5.323413,49.009314,1.823741
1317398336145543098, -5.893763,51.187852,1.823535
1317398336353812933, -6.461504,53.346408,1.824273
1317398336666168928, -7.278619,56.569453,1.824373
1317398336874439955, -7.843726,58.709709,1.824133
1317398337082731009, -8.404303,60.825635,1.822564
1317398337291002035, -8.974845,62.954646,1.822105
1317398337603382111, -9.790128,66.113294,1.823547
1317398337811650991, -10.332985,68.201516,1.825053
1317398338019896030, -10.883160,70.283198,1.826477
1317398338228190899, -11.434601,72.352428,1.827521
1317398338540666103, -12.270838,75.427423,1.829266
1317398338748960972, -12.816080,77.457724,1.830219
1317398339061363935, -13.630806,80.482694,1.831795
1317398339269632101, -14.186928,82.501221,1.832335
1317398339582108021, -14.988469,85.483850,1.828968
1317398339894536972, -15.789835,88.480857,1.826010
1317398340207012892, -16.572424,91.430237,1.820635
1317398340415340900, -17.082710,93.402243,1.817456
1317398340727901936, -17.830579,96.345651,1.807803
1317398340936218977, -18.287385,98.293412,1.802219
1317398341248648882, -18.976319,101.183624,1.799036
1317398341561124086, -19.683763,104.138064,1.799490
1317398341873528957, -20.413774,107.159165,1.803170
1317398342081824064, -20.899673,109.200765,1.806830
1317398342394371033, -21.654701,112.316308,1.809808
1317398342706944942, -22.449009,115.505483,1.810403
1317398343019418001, -23.259633,118.783943,1.813343
1317398343331823111, -24.116743,122.109699,1.817929
1317398343540117979, -24.696390,124.350309,1.821441
1317398343852497101, -25.569831,127.678258,1.826614
1317398344060790062, -26.157587,129.888798,1.829248
1317398344373217106, -27.048164,133.172258,1.829542
1317398344581511974, -27.631078,135.352561,1.830731
1317398344893845081, -28.516478,138.606639,1.835951
1317398345102088928, -29.095861,140.718175,1.836899
1317398345414591074, -29.961251,143.855898,1.833255
1317398345727137089, -30.782550,146.915028,1.828578
1317398346039638042, -31.596579,149.925059,1.824577
1317398346247980118, -32.110430,151.902828,1.821311
1317398346560528040, -32.858220,154.843076,1.815874
1317398346768918991, -33.365855,156.815494,1.813674
1317398347081443071, -34.133902,159.743362,1.811432
1317398347289690018, -34.647681,161.726938,1.814530
1317398347602138996, -35.398350,164.735142,1.820688
1317398347810457945, -35.922482,166.770741,1.824971
1317398348122927904, -36.715563,169.812195,1.830235
1317398348435482025, -37.542418,172.902691,1.830186
1317398348747982979, -38.388812,176.064163,1.828153
1317398348956300020, -38.964336,178.205565,1.827424
1317398349164665937, -39.551297,180.366222,1.826150
1317398349372983932, -40.111249,182.543693,1.824498
1317398349685408115, -40.962206,185.805681,1.822897
1317398349893738985, -41.545835,187.970154,1.822061
1317398350101973057, -42.113920,190.130720,1.820942
1317398350310241938, -42.664646,192.284847,1.821770
1317398350622648954, -43.491543,195.437890,1.821638
1317398350935050964, -44.283378,198.499100,1.818799
1317398351143367052, -44.772205,200.446897,1.816264
1317398351455796003, -45.497249,203.270849,1.813894
1317398351664089918, -45.953395,205.102111,1.814450
1317398351872456074, -46.410487,206.905876,1.813600
1317398352080842972, -46.867763,208.729567,1.812470
1317398352289256096, -47.310160,210.520444,1.809894
1317398352497694016, -47.743989,212.316348,1.806789
1317398352706134081, -48.184359,214.114108,1.802966
1317398352914546967, -48.590098,215.902482,1.799606
1317398353226999998, -49.247443,218.616919,1.804225
1317398353435244083, -49.718359,220.461597,1.818518
1317398353643491983, -50.229689,222.326074,1.836022
1317398353747649908, -50.494362,223.284143,1.843922
1317398353956062078, -51.041376,225.168667,1.854802
1317398354164645910, -51.618518,227.060718,1.855131
1317398354268971920, -51.907393,228.034788,1.852209
1317398354477601051, -52.460214,230.015855,1.847742
1317398354686182976, -53.016944,232.033641,1.844232
1317398354998946905, -53.906873,235.152272,1.840156
1317398355207431078, -54.509986,237.308554,1.838592
1317398355415894032, -55.108878,239.501836,1.837165
1317398355624283075, -55.724779,241.724521,1.836372
1317398355832673073, -56.358303,243.986937,1.835372
1317398356041013002, -56.980209,246.255302,1.835629
1317398356249380112, -57.598016,248.516200,1.835286
1317398356353563070, -57.906556,249.639044,1.834928
1317398356561927080, -58.519750,251.853720,1.834574
1317398356770267010, -59.121546,254.066841,1.833575
1317398356978585005, -59.720006,256.300002,1.833218
1317398357186923027, -60.324218,258.489054,1.832244
1317398357395267963, -60.921369,260.651430,1.830830
1317398357603586912, -61.489553,262.792942,1.832080
1317398357811855078, -62.057628,264.899004,1.834787
1317398357915988922, -62.337391,265.914675,1.835677
1317398358124236107, -62.898292,267.922974,1.838303
1317398358332432032, -63.450141,269.876565,1.840761
1317398358540678978, -63.976002,271.764163,1.842957
1317398358644814968, -64.240310,272.676292,1.843610
1317398358957266092, -65.006180,275.388959,1.845077
1317398359061425924, -65.265072,276.284188,1.845295
1317398359269810915, -65.777962,278.078889,1.844078
1317398359374042034, -66.038587,278.975776,1.842418
1317398359478272915, -66.297328,279.873521,1.840139
1317398359686686039, -66.800995,281.637478,1.835534
1317398359790894032, -67.049642,282.520812,1.832924
1317398359999308109, -67.539835,284.311960,1.827136
1317398360207721949, -68.008913,286.122222,1.820879
1317398360311928034, -68.245674,287.031537,1.817797
1317398360520292997, -68.711617,288.877263,1.811774
1317398360728708982, -69.173886,290.751100,1.804378
1317398360832914114, -69.407645,291.700933,1.800771
1317398361041327953, -69.861057,293.646638,1.792942
1317398361249742031, -70.298133,295.633599,1.785560
1317398361353946924, -70.514319,296.630681,1.781576
1317398361562362909, -70.946540,298.659477,1.773110
1317398361666569948, -71.170780,299.702809,1.769072
1317398361874933004, -71.587558,301.788246,1.760458
1317398362083344936, -71.996570,303.909258,1.751981
1317398362291735888, -72.385345,306.069140,1.743556
1317398362500127077, -72.767480,308.255942,1.734792
1317398362604309082, -72.947864,309.364883,1.730615
1317398362708554983, -73.126714,310.484331,1.726716
1317398362916835070, -73.468090,312.740534,1.721271
1317398363020992041, -73.650492,313.861639,1.719951
1317398363229260921, -74.005534,316.153160,1.718282
1317398363333395958, -74.177078,317.308664,1.717678
1317398363541667938, -74.520314,319.643423,1.717249
1317398363645776987, -74.695297,320.824638,1.717529
1317398363749886990, -74.879591,322.015627,1.718027
1317398363853996992, -75.058838,323.203741,1.718528
1317398364062195063, -75.408966,325.579180,1.719454
1317398364166282892, -75.590062,326.754060,1.720830
1317398364270369053, -75.772588,327.936191,1.721663
1317398364374458075, -75.963919,329.103628,1.722721
1317398364478542089, -76.149853,330.285769,1.723804
1317398364582628012, -76.343163,331.454676,1.725170
1317398364790826082, -76.715541,333.779850,1.727573
1317398364894912004, -76.912060,334.941597,1.728799
1317398365103136063, -77.291687,337.237344,1.731344
1317398365207248926, -77.479924,338.384947,1.733030
1317398365415442944, -77.859629,340.650760,1.737267
1317398365519529104, -78.059322,341.784077,1.739408
1317398365623675108, -78.246873,342.906204,1.741837
1317398365727808952, -78.457916,344.041319,1.743657
1317398365936068058, -78.851871,346.260932,1.745838
1317398366040203094, -79.061952,347.364480,1.746642
1317398366144339085, -79.264001,348.460637,1.747502
1317398366352607965, -79.683833,350.639588,1.748881
1317398366456722021, -79.893162,351.724627,1.749262
1317398366560832977, -80.098546,352.808257,1.750164
1317398366664938927, -80.302185,353.889798,1.751973
