#time(s),x(m),y(m),theta(m)
1317357627180372440, 2.595098,0.669329,0.068573
1317357627282525874, 2.724492,0.760608,0.068284
1317357627377079269, 2.875107,0.863006,0.096090
1317357627481286930, 3.022690,0.980343,0.097302
1317357627583459235, 3.199567,1.117529,0.094863
1317357627687233137, 3.384984,1.264236,0.134952
1317357627790653268, 3.555395,1.418632,0.177702
1317357627894518095, 3.748805,1.591165,0.216252
1317357627997210296, 3.918396,1.780093,0.230844
1317357628098068320, 4.103958,1.995268,0.249999
1317357628208963366, 4.285162,2.224568,0.303015
1317357628309771572, 4.437431,2.457187,0.369454
1317357628411948678, 4.605111,2.710295,0.447221
1317357628522800247, 4.759621,2.980069,0.504517
1317357628623536642, 4.878982,3.255153,0.562337
1317357628725218557, 5.007223,3.559605,0.636757
1317357628838209824, 5.123867,3.878716,0.720888
1317357628932188567, 5.205138,4.192837,0.796318
1317357629045615728, 5.290986,4.540359,0.875212
1317357629138836414, 5.342876,4.872529,0.953541
1317357629241713614, 5.400889,5.241519,1.032550
1317357629352753901, 5.452002,5.620956,1.120219
1317357629453511250, 5.474821,5.982158,1.177769
1317357629555375201, 5.496386,6.392309,1.227498
1317357629656922335, 5.494845,6.778065,1.278746
1317357629757938747, 5.497191,7.216800,1.330827
1317357629869050055, 5.492281,7.674056,1.377834
1317357629970832577, 5.475775,8.108775,1.422988
1317357630073311238, 5.453211,8.605158,1.447740
1317357630189350040, 5.417423,9.072610,1.473985
1317357630272665539, 5.381316,9.605517,1.502776
1317357630380694958, 5.339088,10.159694,1.525476
1317357630481693945, 5.289987,10.682944,1.544608
1317357630582438629, 5.236229,11.276116,1.557613
1317357630693381644, 5.182769,11.832570,1.577286
1317357630785097348, 5.127406,12.459729,1.590827
1317357630897412728, 5.070677,13.045304,1.598807
1317357630999656405, 5.009949,13.703278,1.608047
1317357631100496253, 4.946985,14.379961,1.615155
1317357631211479094, 4.884488,15.011281,1.619067
1317357631312166816, 4.820218,15.721401,1.627927
1317357631423014044, 4.758834,16.379884,1.631788
1317357631523823398, 4.690671,17.118256,1.633004
1317357631624906685, 4.626033,17.801219,1.636053
1317357631735767256, 4.556209,18.563562,1.637707
1317357631836883133, 4.485276,19.337580,1.637842
1317357631940497230, 4.418768,20.051338,1.638349
1317357632051397687, 4.350583,20.845771,1.643882
1317357632152256156, 4.287250,21.579560,1.643357
1317357632253063502, 4.216646,22.394838,1.640612
1317357632357508571, 4.145156,23.220973,1.639638
1317357632460214639, 4.080026,23.980477,1.641327
1317357632571091288, 4.010650,24.821324,1.642404
1317357632671953882, 3.945258,25.589740,1.640223
1317357632782764339, 3.869742,26.439105,1.633343
1317357632883570432, 3.792920,27.293524,1.630737
1317357632985161680, 3.716482,28.073205,1.625090
1317357633086023675, 3.633351,28.934014,1.622068
1317357633188372601, 3.555104,29.716288,1.621960
1317357633307934685, 3.473321,30.579053,1.623037
1317357633408973878, 3.390494,31.441952,1.621799
1317357633516299115, 3.311944,32.228442,1.621431
1317357633617183081, 3.227887,33.092761,1.619114
1317357633718676291, 3.149488,33.880153,1.620647
1317357633825821346, 3.069161,34.745019,1.623122
1317357633927605831, 2.989803,35.610584,1.623694
1317357634029901176, 2.916782,36.398665,1.625271
1317357634125404872, 2.840221,37.265725,1.625632
1317357634227961397, 2.768613,38.053214,1.625150
1317357634341859323, 2.693617,38.920846,1.626310
1317357634436406184, 2.619208,39.789862,1.626900
1317357634549462622, 2.547777,40.584025,1.625550
1317357634653869425, 2.470407,41.461750,1.624159
1317357634759062369, 2.394510,42.265968,1.621390
1317357634861302734, 2.314226,43.154643,1.622231
1317357634962573119, 2.236324,44.054714,1.626012
1317357635063483676, 2.164474,44.895212,1.629026
1317357635174989210, 2.084715,45.835187,1.625448
1317357635277137266, 2.007085,46.727577,1.623600
1317357635378253968, 1.921724,47.737593,1.620770
1317357635489146641, 1.832726,48.807258,1.617961
1317357635706810266, 1.765752,49.107732,1.608029
1317357635799860901, 1.658904,50.217534,1.601703
1317357635913707728, 1.553594,51.233285,1.598390
1317357636015751405, 1.446168,52.328503,1.599852
1317357636216050992, 1.364846,52.621701,1.602314
1317357636331795543, 1.256321,53.660953,1.605765
1317357636432871557, 1.160340,54.559047,1.613398
1317357636526030436, 1.067404,55.475643,1.618165
1317357636628607425, 0.980352,56.277460,1.617646
1317357636733626166, 0.895909,57.118167,1.622907
1317357636838266955, 0.817961,57.930205,1.628224
1317357636940202805, 0.747115,58.647210,1.628743
1317357637041695789, 0.672963,59.415466,1.626162
1317357637152668585, 0.605702,60.095134,1.625342
1317357637253695304, 0.538565,60.826358,1.623323
1317357637356463144, 0.476053,61.539904,1.619595
1317357637457454809, 0.422839,62.174850,1.615588
1317357637568553064, 0.374612,62.858332,1.610932
1317357637669433232, 0.336126,63.462994,1.602413
1317357637772132057, 0.302195,64.110196,1.587919
1317357637884100779, 0.276090,64.738844,1.569377
1317357637985274783, 0.261823,65.292702,1.552417
1317357638086134139, 0.262437,65.887349,1.530900
1317357638198864921, 0.276419,66.411341,1.507436
1317357638303645191, 0.311775,66.971848,1.480724
1317357638405058773, 0.363551,67.466169,1.453201
1317357638505912046, 0.439276,67.992869,1.411043
1317357638617441011, 0.532585,68.502534,1.358915
1317357638718405716, 0.635632,68.951069,1.304624
1317357638829667413, 0.770178,69.420332,1.243226
1317357638930539542, 0.910336,69.828873,1.178623
1317357639031581247, 1.092448,70.256576,1.118832
1317357639142493068, 1.272715,70.627705,1.044385
1317357639243502902, 1.490356,71.017800,0.962871
1317357639345491288, 1.694371,71.360606,0.873243
1317357639456421096, 1.943480,71.721187,0.793166
1317357639557441065, 2.213212,72.067085,0.718056
1317357639671316621, 2.474566,72.372162,0.651665
1317357639762354645, 2.785847,72.698031,0.558884
1317357639873210463, 3.077735,72.998754,0.469957
1317357639974241847, 3.426224,73.305749,0.400367
1317357640077947885, 3.755188,73.583979,0.338706
1317357640189294895, 4.150039,73.862203,0.289319
1317357640290414008, 4.571437,74.125591,0.246078
1317357640391443746, 4.971685,74.369501,0.200265
1317357640496307108, 5.445436,74.610536,0.168057
1317357640598435225, 5.893555,74.831515,0.139295
1317357640709715809, 6.416462,75.050052,0.109461
1317357640810837619, 6.961726,75.254727,0.088899
1317357640912021865, 7.475941,75.442749,0.070590
1317357641013138668, 8.063794,75.624826,0.052093
1317357641115044525, 8.613437,75.797818,0.030395
1317357641216191170, 9.236271,75.968466,0.008609
1317357641327337858, 9.876580,76.135329,-0.014370
1317357641428350710, 10.471477,76.296423,-0.030356
1317357641529357040, 11.142553,76.445791,-0.039206
1317357641630308720, 11.830466,76.587192,-0.051392
1317357641741428624, 12.467698,76.729209,-0.067612
1317357641833669337, 13.186359,76.857784,-0.072685
1317357641946805910, 13.853396,76.984126,-0.080860
1317357642040870696, 14.603676,77.096720,-0.084790
1317357642152035815, 15.371088,77.201677,-0.092038
1317357642253009198, 16.084709,77.305401,-0.097792
1317357642364227064, 16.889728,77.399859,-0.109688
1317357642469998755, 17.721534,77.490441,-0.123302
1317357642581515073, 18.513654,77.580899,-0.132711
1317357642729448885, 18.608045,77.764856,-0.140184
1317357642848492249, 19.480255,77.852590,-0.136489
1317357642977747272, 20.331541,77.934537,-0.132394
1317357643061786864, 21.098631,78.019365,-0.127648
1317357643122399611, 21.854161,78.103899,-0.127486
1317357643218212200, 22.672595,78.174426,-0.120135
1317357643331351078, 23.482607,78.245468,-0.122518
1317357643422284431, 24.217779,78.326339,-0.126972
1317357643526421516, 25.023374,78.394516,-0.122759
1317357643639943967, 25.755753,78.469521,-0.123008
1317357643736850746, 26.565363,78.539103,-0.129727
1317357643828664552, 27.378819,78.602700,-0.125400
1317357643922335631, 28.129796,78.666960,-0.119893
1317357644046192709, 28.961576,78.714306,-0.111981
1317357644156088467, 29.736843,78.765442,-0.113367
1317357644263458363, 30.596707,78.805830,-0.116870
1317357644359727712, 31.481412,78.838332,-0.119985
1317357644470859193, 32.328037,78.875018,-0.131273
1317357644603970918, 32.558808,79.011419,-0.150296
1317357644695797914, 33.435382,79.063049,-0.152786
1317357644766627132, 34.315466,79.112257,-0.157879
1317357644882863228, 35.275949,79.145378,-0.162743
1317357645013276476, 35.434342,79.328430,-0.180257
1317357645113305679, 36.379821,79.391759,-0.182572
1317357645204198555, 37.304372,79.454737,-0.180065
1317357645286405208, 38.140081,79.531973,-0.179463
1317357645377203348, 39.036798,79.597717,-0.176832
1317357645478741438, 39.850747,79.678351,-0.178353
1317357645612477753, 40.733578,79.748819,-0.180083
1317357645697641033, 41.614000,79.817505,-0.177829
1317357645798769805, 42.417246,79.905190,-0.185657
1317357645910263800, 43.299467,79.982195,-0.189325
1317357646011350645, 44.181258,80.059692,-0.191986
1317357646102278004, 44.987853,80.156238,-0.198886
1317357646215904691, 45.876696,80.237636,-0.199125
1317357646318472761, 46.686195,80.330207,-0.195464
1317357646423745969, 47.574841,80.404648,-0.190259
1317357646527158028, 48.465023,80.479191,-0.192715
1317357646630258457, 49.274126,80.569891,-0.194661
1317357646733833445, 50.164051,80.641676,-0.189377
1317357646849129243, 50.971814,80.730313,-0.192312
1317357646956482626, 51.858340,80.806093,-0.193365
1317357647058468285, 52.744178,80.881698,-0.193287
1317357647150743185, 53.550474,80.970281,-0.190786
1317357647253827754, 54.435495,81.044839,-0.188555
1317357647369973707, 55.239553,81.129238,-0.182781
1317357647472783180, 56.120468,81.198537,-0.178930
1317357647585961051, 56.997369,81.265824,-0.175218
1317357647680184431, 57.793564,81.346738,-0.175580
1317357647796536019, 58.665182,81.408818,-0.165953
1317357647889102443, 59.454019,81.484263,-0.166203
1317357647992090037, 60.313670,81.550128,-0.165770
1317357648097602261, 61.171007,81.620767,-0.170803
1317357648204158491, 61.950522,81.708762,-0.174388
1317357648305322868, 62.800781,81.783251,-0.167812
1317357648398448734, 63.573040,81.876054,-0.172979
1317357648520814593, 64.413307,81.962525,-0.175588
1317357648618858267, 65.249106,82.049650,-0.174993
1317357648730198109, 66.007681,82.152410,-0.178425
1317357648835982386, 66.836541,82.246977,-0.182728
1317357648937205182, 67.587445,82.354375,-0.182697
1317357649031472476, 68.405577,82.453201,-0.185732
1317357649127052754, 69.218218,82.553610,-0.188102
1317357649238986785, 69.954777,82.672054,-0.194341
1317357649347639806, 70.763800,82.788777,-0.209014
1317357649438651774, 71.569824,82.906485,-0.211668
1317357649550179482, 72.304461,83.038298,-0.212136
1317357649647710758, 73.109349,83.161138,-0.218863
1317357649771670483, 73.847440,83.310086,-0.236189
1317357649852579648, 74.654490,83.440782,-0.234054
1317357649960857225, 75.466496,83.571601,-0.241712
1317357650061938345, 76.216647,83.718042,-0.248926
1317357650159872205, 77.047160,83.852255,-0.263030
1317357650291199329, 77.827191,84.007670,-0.279848
1317357650397426974, 78.701594,84.151404,-0.304565
1317357650488418690, 79.613144,84.297987,-0.333442
1317357650580107151, 80.513538,84.473634,-0.373903
1317357650799308072, 80.840252,84.940698,-0.415566
1317357650903575033, 81.850875,85.155245,-0.431987
1317357651008999053, 82.840806,85.362743,-0.434927
1317357651120096557, 83.772939,85.599948,-0.450080
1317357651310134837, 84.171358,86.156380,-0.485675
1317357651411852976, 85.066609,86.467984,-0.469710
1317357651505020191, 85.960612,86.745905,-0.446599
1317357651607539594, 86.745982,87.051422,-0.431930
1317357651722553723, 87.555250,87.325015,-0.403661
1317357651827346565, 88.338968,87.596833,-0.385471
1317357651941420974, 89.041953,87.897939,-0.374826
1317357652035067936, 89.803684,88.179267,-0.363889
1317357652148544449, 90.486877,88.482831,-0.345729
1317357652253301118, 91.226100,88.770448,-0.335285
1317357652350224884, 91.960891,89.068364,-0.336988
1317357652451950421, 92.629152,89.399253,-0.340979
1317357652553816355, 93.359719,89.705763,-0.324226
1317357652668048001, 94.017442,90.032075,-0.311308
1317357652762303491, 94.738312,90.346879,-0.307863
1317357652866783982, 95.455755,90.670545,-0.309210
1317357652980103110, 96.102562,91.013794,-0.299707
1317357653085355501, 96.818357,91.341760,-0.295977
1317357653199997757, 97.465921,91.698636,-0.300349
1317357653300910783, 98.180120,92.042584,-0.298131
1317357653386863388, 98.892940,92.390968,-0.296719
1317357653499673129, 99.535456,92.765595,-0.297925
1317357653585849458, 100.244176,93.123769,-0.292112
1317357653696858509, 100.879257,93.497993,-0.281297
1317357653791264577, 101.579857,93.858795,-0.278763
1317357653904924275, 102.275443,94.218278,-0.271437
1317357654000104084, 102.897252,94.599656,-0.269286
1317357654113305591, 103.582928,94.968461,-0.265040
1317357654207478104, 104.193374,95.353159,-0.254752
1317357654321705970, 104.864542,95.722781,-0.243743
1317357654427225776, 105.527801,96.093187,-0.235571
1317357654518832134, 106.114577,96.477414,-0.224313
1317357654633853335, 106.755920,96.851770,-0.215072
1317357654737437379, 107.387500,97.221851,-0.199168
1317357654830603742, 107.942337,97.598709,-0.183635
1317357654935093014, 108.552661,97.957141,-0.162582
1317357655037908621, 109.086435,98.316318,-0.143178
1317357655142707118, 109.671841,98.662197,-0.125920
1317357655248498634, 110.240752,99.001695,-0.109647
1317357655361953845, 110.734606,99.338872,-0.092562
1317357655453791352, 111.272407,99.657340,-0.064084
1317357655559109834, 111.737316,99.967906,-0.044516
1317357655661997920, 112.240872,100.267694,-0.025843
1317357655756297340, 112.728874,100.554536,-0.000654
1317357655871505489, 113.151034,100.829896,0.019302
1317357655973381756, 113.607257,101.098597,0.034946
1317357656079641596, 113.999037,101.359153,0.045907
1317357656181733457, 114.418977,101.612547,0.066872
1317357656287003281, 114.820497,101.855912,0.088243
1317357656399730237, 115.163151,102.087955,0.102653
1317357656493272000, 115.528673,102.319808,0.113678
1317357656597197071, 115.875739,102.548498,0.120167
1317357656701256667, 116.171235,102.766895,0.131244
1317357656807775475, 116.485724,102.982531,0.150102
1317357656909079209, 116.757159,103.182976,0.178112
1317357657022158228, 117.043499,103.381891,0.201964
1317357657116601383, 117.312631,103.574482,0.227509
1317357657220388949, 117.539769,103.758534,0.242311
1317357657336950379, 117.777073,103.949306,0.252059
1317357657428462422, 117.976064,104.134209,0.262180
1317357657541415007, 118.185815,104.318773,0.302452
1317357657645860276, 118.383661,104.503662,0.324090
1317357657758267295, 118.551782,104.681576,0.347367
1317357657851264758, 118.726018,104.869308,0.358758
1317357657957814215, 118.885747,105.062259,0.362442
1317357658069208931, 119.020904,105.243952,0.420013
1317357658173832588, 119.165017,105.432259,0.471218
1317357658277047401, 119.303222,105.623478,0.519407
1317357658379968527, 119.416374,105.814007,0.541912
1317357658484311783, 119.537140,106.021952,0.570313
1317357658588195578, 119.636043,106.221383,0.623810
1317357658683197835, 119.746291,106.436540,0.680584
1317357658799297193, 119.848108,106.661425,0.713600
1317357658900287001, 119.931253,106.884342,0.760568
1317357659015712548, 120.023677,107.131656,0.817964
1317357659118011011, 120.114076,107.389674,0.900607
1317357659220609637, 120.181425,107.640916,0.957937
1317357659323930209, 120.245445,107.918571,1.005557
1317357659418622333, 120.286881,108.185087,1.070491
1317357659531240953, 120.328963,108.482955,1.136650
1317357659627468764, 120.361661,108.794156,1.204364
1317357659729008336, 120.373440,109.089635,1.264449
1317357659843721714, 120.380092,109.425086,1.319137
1317357659948379447, 120.370941,109.772432,1.367096
1317357660040234382, 120.346661,110.103386,1.427934
1317357660143008313, 120.313484,110.477662,1.481303
1317357660257452194, 120.262093,110.830725,1.526371
1317357660352682959, 120.191283,111.225506,1.559247
1317357660458965202, 120.100959,111.630151,1.594077
1317357660570264886, 119.991623,112.013053,1.623525
1317357660673344151, 119.859158,112.438889,1.647805
1317357660779925921, 119.707429,112.876906,1.674202
1317357660870835128, 119.535722,113.277198,1.685809
1317357660985862559, 119.332206,113.728606,1.692467
1317357661079238731, 119.109801,114.143460,1.698572
1317357661182598420, 118.854748,114.610451,1.695914
1317357661288453342, 118.575591,115.079898,1.691480
1317357661389635508, 118.278096,115.509909,1.683721
1317357661496135652, 117.952829,115.998524,1.678130
1317357661601729418, 117.613745,116.449064,1.673751
1317357661702781824, 117.253218,116.963265,1.671620
1317357661806449533, 116.886723,117.431072,1.671659
1317357661913554431, 116.500035,117.966998,1.668562
1317357662019118429, 116.098083,118.514743,1.658414
1317357662119958511, 115.683239,119.012464,1.641963
1317357662223703759, 115.250599,119.586021,1.631431
1317357662331041756, 114.810020,120.103836,1.616924
1317357662435765192, 114.353641,120.697968,1.603246
1317357662536751506, 113.884573,121.308734,1.582771
1317357662640678389, 113.404172,121.857635,1.562020
1317357662745926732, 112.910708,122.491672,1.541848
1317357662850771234, 112.405709,123.058680,1.521400
1317357662963363905, 111.890786,123.710058,1.498741
1317357663067866889, 111.358864,124.292079,1.472844
1317357663162671563, 110.816235,124.965449,1.441017
1317357663266504693, 110.269644,125.645490,1.418215
1317357663371412432, 109.701389,126.260101,1.388787
1317357663474872794, 109.137930,126.961482,1.365622
1317357663577312582, 108.549088,127.591496,1.336509
1317357663683172784, 107.968688,128.304902,1.314232
1317357663797241132, 107.382013,129.027980,1.286158
1317357663890585785, 106.759398,129.679630,1.252836
1317357663993137579, 106.150295,130.420766,1.226715
1317357664100168441, 105.502148,131.087105,1.198461
1317357664202789012, 104.867966,131.839691,1.172243
1317357664307004783, 104.229742,132.599519,1.150194
1317357664409439102, 103.549310,133.283279,1.128117
1317357664505860434, 102.901327,134.057527,1.114011
1317357664617496187, 102.215770,134.753920,1.101454
1317357664722708285, 101.563675,135.533459,1.090556
1317357664826331999, 100.913693,136.316608,1.077375
1317357664929960037, 100.222496,137.023301,1.064365
1317357665034661602, 99.572353,137.807410,1.060323
1317357665137555360, 98.883327,138.508801,1.055880
1317357665250922295, 98.235751,139.288988,1.054241
1317357665356266303, 97.594934,140.067563,1.051993
1317357665448540460, 96.911249,140.763085,1.047605
1317357665563117953, 96.273908,141.534028,1.053947
1317357665671356755, 95.642819,142.303515,1.053627
1317357665762732091, 94.969864,142.999189,1.046337
1317357665865447299, 94.340517,143.772135,1.048272
1317357665968967266, 93.670558,144.467935,1.043963
1317357666073401708, 93.046485,145.231755,1.052162
1317357666176956540, 92.429933,145.999474,1.048930
1317357666289943614, 91.775966,146.689977,1.044344
1317357666386937032, 91.172221,147.463454,1.043397
1317357666498547510, 90.534609,148.159045,1.037705
1317357666601606400, 89.953655,148.937795,1.034169
1317357666697142188, 89.393598,149.725147,1.020442
1317357666809524952, 88.807187,150.449734,0.995571
1317357666904854670, 88.292998,151.275666,0.962638
1317357667030540953, 87.758775,152.063698,0.909252
1317357667121508421, 87.320433,152.981338,0.837676
1317357667251174592, 86.173954,153.284373,0.733537
1317357667331921336, 84.894889,153.642845,0.702122
1317357667432866628, 84.264282,154.598707,0.762215
1317357667527614941, 83.648312,155.491524,0.817390
1317357667640090990, 82.986897,156.270128,0.866406
1317357667746436288, 82.385653,157.086601,0.911148
1317357667849090714, 81.739206,157.805089,0.948529
1317357667953379643, 81.144913,158.579380,0.985180
1317357668057605746, 80.558422,159.341110,1.016946
1317357668161784821, 79.931796,160.018240,1.040177
1317357668262795683, 79.347276,160.769514,1.061062
1317357668359304372, 78.764933,161.524096,1.071829
1317357668461714687, 78.143951,162.199205,1.081754
1317357668574836914, 77.558556,162.952507,1.090175
1317357668679339991, 76.938235,163.627741,1.097120
1317357668775399243, 76.354047,164.385118,1.100982
1317357668886950719, 75.776660,165.150549,1.099528
1317357668991177415, 75.165153,165.852760,1.089968
1317357669097361449, 74.593490,166.649224,1.079551
1317357669200590955, 73.983979,167.398075,1.055021
1317357669302763756, 73.416523,168.259186,1.030320
1317357669418488792, 72.857301,169.178025,0.990049
1317357669615244720, 71.726463,169.396194,0.933837
1317357669719192037, 71.081147,170.321309,0.971210
1317357669820817358, 70.428165,171.132488,0.990823
1317357669925744854, 69.864601,171.983470,1.025739
1317357670032060863, 69.303364,172.756417,1.037468
1317357670136150481, 68.830638,173.608711,1.049219
1317357670238103759, 68.409848,174.499070,1.029953
1317357670356897341, 67.563087,174.713980,0.987384
1317357670447812463, 66.657450,174.931695,0.987003
1317357670548990802, 66.139097,175.779907,1.036662
1317357670665851018, 65.320477,175.984070,1.079563
1317357670774340334, 64.791845,176.721564,1.164642
1317357670885668546, 64.308631,177.464501,1.242688
1317357670966392704, 63.842974,178.154134,1.312580
1317357671080346737, 63.386112,178.819563,1.361252
1317357671171211715, 62.923459,179.402189,1.401093
1317357671289191639, 62.476414,180.046403,1.439806
1317357671380083537, 62.033910,180.618826,1.481538
1317357671486045201, 61.588041,181.263498,1.497032
1317357671587905267, 61.146917,181.924293,1.526272
1317357671705276857, 60.678346,181.899584,1.539374
1317357671818436887, 60.195924,182.492142,1.570760
1317357671920823205, 59.705348,183.126169,1.603809
1317357672118347160, 59.196743,183.750923,1.627144
1317357672210109210, 58.707698,184.273810,1.645199
1317357672313140944, 58.228069,184.818516,1.671866
1317357672418708086, 57.764268,185.334673,1.704526
1317357672532400529, 57.311342,185.775588,1.718489
1317357672623537809, 56.842667,186.258365,1.720808
1317357672750814269, 56.438427,186.158892,1.707339
1317357672857482481, 55.935526,186.587869,1.708566
1317357672959289296, 55.448115,186.921476,1.724101
1317357673061141912, 54.961396,187.266002,1.748221
1317357673165300076, 54.479128,187.577608,1.764950
1317357673269520286, 54.003602,187.811012,1.768015
1317357673376151998, 53.514507,188.055632,1.765016
1317357673499561201, 53.026072,188.268932,1.770415
1317357673590491453, 52.555429,188.412954,1.793713
1317357673686058812, 52.076211,188.571968,1.805279
1317357673798549359, 51.607558,188.661953,1.810372
1317357673890782732, 51.126292,188.766402,1.807643
1317357673998468838, 50.644479,188.844890,1.804249
1317357674099508866, 50.169838,188.855343,1.794114
1317357674202728393, 49.691783,188.885341,1.802337
1317357674306913973, 49.228492,188.897370,1.827056
1317357674420338066, 48.779231,188.849103,1.823219
1317357674526691033, 48.321934,188.821795,1.813250
1317357674621877413, 47.877969,188.735948,1.801009
1317357674735275501, 47.425967,188.673363,1.785289
1317357674837002262, 46.985179,188.598038,1.792418
1317357674930734677, 46.565449,188.472195,1.801427
1317357675032938586, 46.134490,188.368095,1.776081
1317357675138666721, 45.709929,188.210180,1.752996
1317357675232068756, 45.302334,188.053915,1.780186
1317357675345355859, 44.956760,187.500837,1.751065
1317357675450536366, 44.545565,187.297727,1.749952
1317357675545387574, 44.129810,187.107992,1.736287
1317357675648514448, 43.731545,186.903020,1.763165
1317357675739368695, 43.341200,186.634026,1.752220
1317357675843805107, 42.942953,186.389001,1.743558
1317357675948293560, 42.544806,186.130166,1.739628
1317357676053527428, 42.150954,185.813104,1.732727
1317357676168388482, 41.744814,185.529923,1.725800
1317357676259335837, 41.341718,185.188955,1.721285
1317357676367575890, 40.927786,184.886022,1.718653
1317357676468971171, 40.512798,184.523462,1.706914
1317357676576389037, 40.082231,184.201511,1.695991
1317357676668800852, 39.639661,183.873978,1.678198
1317357676780931138, 39.189092,183.488191,1.660834
1317357676892040659, 38.719641,183.147402,1.646765
1317357676993067510, 38.237533,182.751828,1.635271
1317357677095204964, 37.730157,182.411181,1.619874
1317357677200022978, 37.193331,182.013154,1.592957
1317357677410134931, 36.605120,181.042022,1.558772
1317357677511598966, 36.033735,180.599561,1.562663
1317357677616593028, 35.475957,180.209125,1.566159
1317357677718124880, 34.911095,179.749134,1.543463
1317357677822426844, 34.346336,179.352830,1.530825
1317357677929407856, 33.783774,178.963275,1.523437
1317357678031928216, 33.214225,178.515731,1.507742
1317357678138069031, 32.642137,178.160172,1.484847
1317357678240334414, 32.048953,177.765598,1.449748
1317357678369756781, 31.320595,176.717371,1.406738
1317357678450470572, 30.562547,175.666922,1.394388
1317357678552026722, 29.920316,175.234682,1.415496
1317357678655137337, 29.292238,174.839518,1.427390
1317357678759187903, 28.646231,174.337554,1.426161
1317357678864863274, 28.005010,173.899592,1.422692
1317357678969004109, 27.357275,173.457835,1.414205
1317357679073390522, 26.683114,172.937657,1.396411
1317357679191324790, 26.016766,172.516012,1.383416
1317357679312535915, 25.124952,171.171960,1.354730
1317357679411690331, 24.424949,170.702702,1.374754
1317357679502759707, 23.726114,170.207960,1.384908
1317357679593744926, 23.010173,169.607667,1.391766
1317357679702007458, 22.307838,169.079129,1.399210
1317357679802839843, 21.592614,168.457849,1.406368
1317357679907442014, 20.891937,167.914667,1.413592
1317357680008479536, 20.188549,167.366517,1.413892
1317357680110771864, 19.465749,166.728856,1.409753
1317357680207964201, 18.765334,166.174237,1.421814
1317357680318974823, 18.046291,165.535751,1.414316
1317357680423136408, 17.341518,164.982116,1.413752
1317357680528982063, 16.638836,164.433222,1.413222
1317357680630206032, 15.924705,163.799892,1.413840
1317357680737050069, 15.226188,163.254619,1.415496
1317357680827926165, 14.517242,162.632282,1.415275
1317357680932636175, 13.824766,162.101485,1.415013
1317357681046321616, 13.132022,161.584402,1.407940
1317357681150107448, 12.428488,160.999801,1.404789
1317357681257310286, 11.738404,160.517400,1.399380
1317357681361449825, 11.037800,159.981349,1.395063
1317357681455392409, 10.351998,159.557372,1.386869
1317357681556465886, 9.667362,159.177080,1.372945
1317357681670576860, 8.958768,158.772101,1.345564
1317357681775364703, 8.266820,158.519485,1.316948
1317357681894271207, 7.321535,157.472976,1.285325
1317357681985307467, 6.296230,156.446151,1.253967
1317357682087243576, 5.549314,156.230846,1.308728
1317357682184679457, 4.789200,155.920748,1.337323
1317357682298160267, 4.047911,155.685090,1.361737
1317357682399418470, 3.281492,155.376103,1.370401
1317357682508130575, 2.522697,155.150997,1.382983
1317357682609141006, 1.735146,154.856217,1.383460
1317357682711673953, 0.951665,154.648724,1.390032
1317357682818805841, 0.157828,154.455278,1.389302
1317357682919913974, -0.664152,154.196472,1.381177
1317357683025860844, -1.487362,154.027125,1.370940
1317357683127785245, -2.327710,153.871496,1.353780
1317357683232520354, -3.196733,153.651005,1.342788
1317357683325178836, -4.059943,153.520906,1.333019
1317357683438573228, -4.954020,153.322727,1.319364
1317357683542804743, -5.842184,153.210338,1.307248
1317357683648145820, -6.736368,153.101974,1.300833
1317357683750530018, -7.666070,152.916333,1.285703
1317357683855234812, -8.585361,152.815393,1.270672
1317357683956869208, -9.544263,152.635223,1.251243
1317357684061192009, -10.486750,152.537665,1.236122
1317357684169105781, -11.437445,152.442815,1.219063
1317357684259882954, -12.434166,152.260720,1.199163
1317357684371875492, -13.407063,152.157646,1.189550
1317357684477721902, -14.382839,152.055728,1.179780
1317357684579414745, -15.402466,151.872966,1.164318
1317357684697595594, -16.396788,151.770260,1.151463
1317357684788658435, -17.435240,151.585456,1.137383
1317357684892165859, -18.445359,151.483562,1.123440
1317357684995670120, -19.456967,151.388270,1.109353
1317357685099909818, -20.521324,151.214824,1.088620
1317357685202638279, -21.554389,151.137987,1.066443
1317357685297886682, -22.597657,151.083600,1.038801
1317357685400436384, -23.712506,150.982573,0.999161
1317357685505008835, -24.803582,151.014376,0.951612
1317357685715211316, -26.639834,150.255808,0.887151
1317357685816958119, -27.798217,150.293961,0.908507
1317357685918392931, -28.986915,150.259811,0.911026
1317357686023151406, -30.110287,150.321621,0.905455
1317357686212222848, -31.951645,149.585406,0.878392
1317357686324928921, -33.095626,149.600044,0.936110
1317357686427208845, -34.242100,149.502076,0.981407
1317357686538576551, -35.299140,149.459451,1.023369
1317357686639368987, -36.326999,149.405681,1.055232
1317357686740215666, -37.384454,149.263740,1.075890
1317357686843227400, -38.388530,149.202582,1.094536
1317357686946354060, -39.426125,149.055809,1.108886
1317357687051084718, -40.415730,148.990159,1.125966
1317357687146280407, -41.397715,148.926620,1.137559
1317357687247830187, -42.421936,148.783878,1.136983
1317357687348881362, -43.407483,148.725384,1.146039
1317357687459903102, -44.390528,148.668928,1.150826
1317357687561074884, -45.414751,148.532016,1.147027
1317357687665618416, -46.399880,148.480234,1.152525
1317357687777893343, -47.421923,148.347449,1.151734
1317357687881673840, -48.403989,148.295653,1.160366
1317357687985928883, -49.381195,148.245005,1.165837
1317357688081325486, -50.393079,148.114684,1.165824
1317357688192323590, -51.368487,148.068063,1.170417
1317357688307136772, -52.377257,147.938000,1.171791
1317357688400157990, -53.347718,147.886569,1.180838
1317357688496472712, -54.313805,147.836800,1.184505
1317357688608565182, -55.308220,147.701750,1.188901
1317357688702278217, -56.268222,147.646083,1.194916
1317357688816263962, -57.220737,147.590930,1.202255
1317357688921941196, -58.202035,147.452675,1.205257
1317357689026253901, -59.151807,147.395635,1.209330
1317357689127314659, -60.126725,147.255153,1.215032
1317357689231598728, -61.064783,147.191924,1.226677
1317357689328152021, -61.994861,147.128706,1.234353
1317357689439904952, -62.943794,146.985756,1.242519
1317357689542874991, -63.855532,146.923626,1.257411
1317357689646842845, -64.780351,146.781820,1.270558
1317357689751822690, -65.668289,146.719284,1.289453
1317357689845410306, -66.539982,146.659807,1.307544
1317357689949492983, -67.415697,146.527232,1.323865
1317357690052144987, -68.256980,146.474692,1.345210
1317357690168331431, -69.092789,146.353880,1.369134
1317357690271827954, -69.892276,146.311312,1.399119
1317357690377569652, -70.664248,146.276040,1.433622
1317357690479693620, -71.419208,146.178938,1.463652
1317357690572793029, -72.146570,146.160218,1.492535
1317357690686613654, -72.855515,146.083352,1.518198
1317357690782408199, -73.535202,146.079456,1.553337
1317357690895248504, -74.188272,146.083788,1.584807
1317357690988848997, -74.817782,146.039812,1.609645
1317357691102337118, -75.428517,146.062817,1.638155
1317357691194281808, -76.011730,146.042801,1.668863
1317357691305332824, -76.582877,146.083775,1.697391
1317357691416627611, -77.141429,146.142079,1.720944
1317357691612083411, -77.610970,145.734655,1.739336
1317357691724396577, -78.106818,145.771627,1.786722
1317357691826013449, -78.556912,145.837548,1.831276
1317357691928298835, -78.965014,145.893224,1.855089
1317357692029394807, -79.321524,145.916296,1.894134
1317357692142511055, -79.657887,145.966526,1.913147
1317357692248187832, -79.966146,146.014277,1.933263
1317357692351080036, -80.240246,146.040569,1.957732
1317357692454747653, -80.502147,146.084418,1.970041
1317357692559078687, -80.735070,146.108896,1.995782
1317357692667127152, -80.958857,146.140484,1.997034
1317357692767970224, -81.167144,146.161644,2.000532
1317357692870081708, -81.355370,146.159912,2.002085
1317357692985742801, -81.543009,146.167285,1.984356
1317357693088851453, -81.714866,146.158913,1.983328
1317357693192125614, -81.885259,146.164020,1.973325
1317357693286706590, -82.038652,146.171191,2.033231
1317357693391171912, -82.173779,146.165911,2.066940
1317357693497007898, -82.306469,146.166284,2.064260
1317357693608151620, -82.424314,146.152884,2.069491
1317357693701160879, -82.537266,146.144592,2.064538
1317357693806829434, -82.636528,146.133349,2.080958
1317357693920484523, -82.723559,146.115023,2.055574
1317357694024584382, -82.802021,146.108982,2.091049
1317357694127920293, -82.867011,146.102343,2.105658
1317357694222069839, -82.922979,146.103721,2.150351
1317357694337845606, -82.969222,146.106722,2.167751
1317357694440677926, -83.005967,146.110141,2.175363
1317357694544562954, -83.036586,146.116709,2.167660
1317357694647305366, -83.062235,146.123400,1.926849
1317357694755714820, -83.087090,146.131503,0.622369
1317357694867725979, -83.108027,146.141863,-0.027636
1317357694959890462, -83.118580,146.151118,0.120172
1317357695077531309, -83.122365,146.157610,2.564584
1317357695168782577, -83.123425,146.162043,2.800711
1317357695262661940, -83.125359,146.165532,2.854531
1317357695388555420, -83.128247,146.168866,3.074179
1317357695490126581, -83.129236,146.170366,2.852853
1317357695587567652, -83.130513,146.172109,3.096498
1317357695688490592, -83.131941,146.173951,-3.108635
1317357695791884097, -83.133647,146.174030,1.962952
1317357695897902556, -83.134276,146.173890,2.156342
1317357696011740494, -83.135460,146.175216,2.238836
1317357696116554770, -83.134347,146.174125,2.280027
1317357696311632130, -83.132521,146.173507,2.443506
1317357696418603349, -83.133004,146.174933,2.473844
1317357696519866234, -83.132358,146.176913,-3.110527
1317357696625588837, -83.134423,146.177722,0.906266
1317357696728422831, -83.134591,146.180223,-2.807659
1317357696829343994, -83.136171,146.181393,1.105403
1317357696940453408, -83.137739,146.180351,1.386165
1317357697051456616, -83.138324,146.179056,1.600755
1317357697145012000, -83.138051,146.178499,1.888346
1317357697249660372, -83.139243,146.178573,1.311044
1317357697344336754, -83.139913,146.178856,1.405475
1317357697456893165, -83.140019,146.178509,1.624041
1317357697560850660, -83.139096,146.178660,2.129697
1317357697661839552, -83.138075,146.179291,2.471689
1317357697773064130, -83.136948,146.179432,2.306736
1317357697874445097, -83.137962,146.179128,0.887220
1317357697987317443, -83.137872,146.179059,1.630506
1317357698092779779, -83.138603,146.179696,0.099520
1317357698186312698, -83.139022,146.180342,-0.396282
1317357698288746279, -83.139535,146.181097,-0.553423
1317357698405234878, -83.139604,146.181361,1.533041
1317357698508077497, -83.139445,146.179932,1.903587
1317357698611888577, -83.140474,146.180272,0.847644
1317357698808823268, -83.139718,146.180589,2.809803
1317357698915903142, -83.140624,146.182326,-1.350020
1317357699028467710, -83.141587,146.183189,2.489887
1317357699121509024, -83.142662,146.184375,-3.060649
1317357699236100989, -83.142632,146.189964,-1.967132
1317357699329901341, -83.141823,146.193654,-2.510490
1317357699432857706, -83.142778,146.197649,-2.342805
1317357699537564031, -83.146050,146.201035,-2.292922
1317357699641630395, -83.152737,146.200813,1.312483
1317357699756728483, -83.159979,146.203836,1.791953
1317357699861122751, -83.170097,146.209351,1.941278
1317357699957874241, -83.184978,146.217992,-0.707405
1317357700058859699, -83.181480,146.201933,2.131005
1317357700162001980, -83.188766,146.199283,2.162930
1317357700265940224, -83.199990,146.197493,2.170709
1317357700370915442, -83.216198,146.190915,2.047622
1317357700486588922, -83.242516,146.188455,1.938770
1317357700578702575, -83.266204,146.179418,2.074520
1317357700691115011, -83.301158,146.174480,1.977580
1317357700796312276, -83.340482,146.167559,1.996787
1317357700902162881, -83.389521,146.160504,1.909349
1317357700995451411, -83.441078,146.155680,2.041935
1317357701107265035, -83.503751,146.148318,1.962274
1317357701212482685, -83.573153,146.145834,2.070149
1317357701409580350, -83.638633,146.096642,1.978785
1317357701515384129, -83.732417,146.092024,1.955105
1317357701617439486, -83.832544,146.079990,1.965570
1317357701730899041, -83.919437,146.001544,1.947750
1317357701825271391, -84.016328,145.929860,1.982928
1317357701938370581, -84.133817,145.868879,1.972512
1317357702047217476, -84.270353,145.824014,1.992962
1317357702138206228, -84.409106,145.754438,2.002678
1317357702239783055, -84.564597,145.685266,1.987741
1317357702350862450, -84.728489,145.605101,1.986389
1317357702451844792, -84.895116,145.500367,1.982442
1317357702562997258, -85.076952,145.402181,1.980534
1317357702658234434, -85.267626,145.293631,1.975042
1317357702769739025, -85.459291,145.157428,1.970058
1317357702875892260, -85.666661,145.027461,1.959615
1317357702978618349, -85.880932,144.884521,1.950010
1317357703081471413, -86.093418,144.700021,1.932293
1317357703188163945, -86.320951,144.515104,1.911341
1317357703289110275, -86.540469,144.279029,1.906297
1317357703392655376, -86.768392,144.045863,1.902863
1317357703487109265, -86.997577,143.789018,1.885535
1317357703600960904, -87.223780,143.469946,1.844617
1317357703702520153, -87.458147,143.159932,1.824198
1317357703809042724, -87.688779,142.826376,1.802692
1317357703910217944, -87.904934,142.434024,1.780978
1317357704016360272, -88.126585,142.071119,1.747847
1317357704118007220, -88.329147,141.661724,1.730022
1317357704224778422, -88.524537,141.312414,1.713996
1317357704340614517, -88.707139,140.989815,1.688356
1317357704454015286, -88.859940,140.081090,1.627340
1317357704548471943, -88.949278,139.212263,1.658021
1317357704661758500, -89.084308,138.253168,1.590648
1317357704756594104, -89.221279,137.910395,1.556783
1317357704858562165, -89.306502,137.575956,1.589530
1317357704964795694, -89.399767,136.485762,1.554936
1317357705068702773, -89.430351,135.397034,1.583115
1317357705184415335, -89.479579,134.167459,1.555823
1317357705394439846, -89.525345,132.759937,1.546400
1317357705516205228, -89.534407,132.123588,1.548165
1317357705630532225, -89.529375,131.340915,1.552184
1317357705755463570, -89.512333,130.584795,1.550834
1317357705848438807, -89.486541,129.697348,1.551534
1317357705918985999, -89.450286,128.854263,1.552774
1317357706044608280, -89.402354,127.977413,1.560301
1317357706152497036, -89.342962,126.975200,1.569422
1317357706229245931, -89.272209,126.032997,1.578434
1317357706411115859, -89.188275,124.961137,1.586424
1317357706539538626, -89.076179,122.929641,1.592482
1317357706651993410, -89.001053,121.992950,1.575980
1317357706754270613, -88.923940,121.051268,1.574683
1317357706859241466, -88.833961,120.015174,1.583244
1317357706929908265, -88.734267,119.012104,1.589710
1317357707060467040, -88.612049,116.923892,1.589345
1317357707171667092, -88.515809,115.976849,1.580429
1317357707270545967, -88.419051,114.987337,1.578109
1317357707381711233, -88.320293,113.857255,1.577703
1317357707474690268, -88.215658,112.831516,1.583838
1317357707579196674, -88.108454,111.698201,1.586151
1317357707660095570, -88.001015,110.582660,1.588775
1317357707763024224, -87.891602,109.614839,1.595410
1317357707890719951, -87.745313,107.435359,1.599679
1317357707999683377, -87.635023,106.479336,1.598842
1317357708080502291, -87.524143,105.499141,1.600198
1317357708181617165, -87.404858,104.400952,1.604526
1317357708387788210, -87.228553,102.277448,1.614193
1317357708598264583, -87.049959,100.079035,1.614432
1317357708700554493, -86.929492,99.077120,1.612709
1317357708796560039, -86.823113,98.256633,1.610328
1317357709014460729, -86.659436,96.299337,1.617247
1317357709140023466, -86.502640,94.498643,1.618696
1317357709220872682, -86.354283,92.776408,1.616925
1317357709336786031, -86.213363,91.201266,1.616121
1317357709427702592, -86.081492,89.607842,1.610694
1317357709556353951, -85.955103,87.852024,1.604301
1317357709669820465, -85.868474,87.092884,1.596067
1317357709760667851, -85.786163,86.367326,1.591309
1317357709841405373, -85.703138,85.603473,1.589381
1317357709936308713, -85.616058,84.842035,1.591485
1317357710070629270, -85.494285,82.916954,1.595501
1317357710187713684, -85.398106,82.050925,1.590879
1317357710258486869, -85.296517,81.170869,1.592227
1317357710385067351, -85.178830,79.329969,1.588474
1317357710488573129, -85.079168,78.411683,1.582033
1317357710601468928, -84.977519,77.562115,1.581829
1317357710691865613, -84.876345,76.703709,1.579558
1317357710782752272, -84.771767,75.859435,1.582126
1317357710885982884, -84.663732,74.952033,1.585449
1317357710977334786, -84.554969,74.216767,1.590264
1317357711111103764, -84.414135,72.411324,1.597028
1317357711191935674, -84.263629,70.633042,1.600765
1317357711301076737, -84.150654,69.991110,1.595147
1317357711418754657, -84.009172,68.192869,1.596463
1317357711530476751, -83.897562,67.498087,1.593698
1317357711626102491, -83.786139,66.665331,1.593090
1317357711797774154, -83.673073,65.942526,1.599115
1317357711951011257, -83.520458,64.206555,1.608959
1317357712021651405, -83.370560,62.552027,1.610734
1317357712159468646, -83.222914,60.929835,1.610700
1317357712219989957, -83.086563,59.279346,1.604736
1317357712326090427, -82.993667,58.715559,1.597961
1317357712429250514, -82.903542,58.023580,1.594495
1317357712540126409, -82.816211,57.441360,1.595705
1317357712671053838, -82.706589,55.762286,1.594459
1317357712731669410, -82.596456,54.078437,1.593842
1317357712851311524, -82.511101,53.475508,1.592144
1317357712959333416, -82.423393,52.856356,1.595274
1317357713076882949, -82.304887,51.137409,1.597370
1317357713157910277, -82.185158,49.379498,1.595561
1317357713269046162, -82.093993,48.564050,1.587250
1317357713373336672, -82.005314,47.765576,1.582489
1317357713464728407, -81.916545,46.912967,1.579396
1317357713579264053, -81.827371,45.929698,1.576958
1317357713675510735, -81.735065,45.022376,1.578962
1317357713794169469, -81.636639,43.993517,1.582964
1317357713885130153, -81.535371,43.059461,1.586238
1317357714090363294, -81.404561,41.008626,1.591146
1317357714192291554, -81.308759,40.094389,1.581403
1317357714310053716, -81.208368,39.211840,1.588471
1317357714392060656, -81.110805,38.272083,1.586505
1317357714517229185, -81.017023,37.493646,1.586680
1317357714654455404, -80.899445,35.697933,1.591505
1317357714816159788, -80.802138,35.021802,1.593268
1317357714945659194, -80.679746,33.400752,1.599324
1317357715036515324, -80.559008,31.868202,1.601204
1317357715163626262, -80.438520,30.384885,1.602438
1317357715244318626, -80.324538,28.894714,1.599452
1317357715338452601, -80.240357,28.445626,1.599288
1317357715485681750, -80.119420,26.932031,1.603950
1317357715556339675, -79.997096,25.373885,1.602838
1317357715671818496, -79.906031,24.701606,1.597590
1317357715879757747, -79.780151,23.098105,1.601654
1317357715970646325, -79.682086,22.350936,1.600422
1317357716195711004, -79.524100,19.717386,1.601738
1317357716310895236, -79.432809,19.056522,1.594225
1317357716381650013, -79.346539,18.369825,1.589480
1317357716515661396, -79.246169,16.722372,1.587120
1317357716620502193, -79.163466,16.020496,1.581127
1317357716734855063, -79.080408,15.206399,1.576681
1317357716825833448, -78.998041,14.461753,1.570718
1317357716937544844, -78.906765,13.633664,1.574193
1317357717105367429, -78.811196,12.891794,1.569777
1317357717217265321, -78.715146,12.238053,1.568830
1317357717357312900, -78.610347,10.879682,1.573614
1317357717428013441, -78.495125,9.551236,1.575737
1317357717531731103, -78.382153,8.976382,1.564546
1317357717629729987, -78.263528,8.486941,1.555247
1317357717790417278, -78.168201,7.325632,1.535873
1317357717869328831, -78.042563,6.883951,1.517399
1317357717949985062, -77.901028,6.432785,1.517545
1317357718040769986, -77.750518,5.954185,1.506520
1317357718148290899, -77.579228,5.581772,1.496429
1317357718289222188, -77.448695,4.670629,1.477465
1317357718359844048, -77.287890,3.770293,1.480637
1317357718444841255, -77.059722,3.472753,1.449938
1317357718556479466, -76.809556,3.196150,1.430393
1317357718687146462, -76.634463,2.424268,1.395383
1317357718788022510, -76.419134,1.655097,1.394084
1317357718878844475, -76.095384,1.382003,1.346115
1317357718999722411, -75.861381,0.713852,1.299745
1317357719080433276, -75.589549,0.028090,1.284644
1317357719204387871, -75.351536,-0.696464,1.198905
1317357719369316653, -74.923102,-0.981737,1.081655
1317357719490993799, -74.499107,-1.323346,0.978153
1317357719606425671, -74.033122,-1.604498,0.906146
1317357719747415758, -73.866362,-2.210031,0.830692
1317357719837703470, -73.361847,-2.443893,0.711206
1317357719928598267, -72.808852,-2.678028,0.691769
1317357720110899848, -72.597602,-3.139119,0.595730
1317357720226870090, -71.996702,-3.316270,0.519644
1317357720374237232, -71.817970,-3.655995,0.443828
1317357720448696462, -71.633692,-3.997749,0.431641
1317357720539663183, -71.089676,-4.121392,0.300956
1317357720647486523, -70.518352,-4.219030,0.245280
1317357720748734643, -69.949130,-4.313163,0.222383
1317357720849591290, -69.417286,-4.395422,0.170275
1317357720944479017, -68.821068,-4.454433,0.127811
1317357721035391700, -68.239129,-4.499744,0.087233
1317357721175061626, -68.044301,-4.548684,0.050983
1317357721265838892, -67.825737,-4.612605,0.061491
1317357721370494276, -67.199446,-4.640499,0.026867
1317357721467852156, -66.522417,-4.665157,0.015737
1317357721591594940, -65.879119,-4.687354,0.004405
1317357721662325667, -65.160757,-4.704005,-0.011749
1317357721785823454, -64.400059,-4.719971,-0.018144
1317357721875019995, -63.633025,-4.730900,-0.029749
1317357721992483004, -62.733717,-4.741629,-0.039809
1317357722205357417, -62.375653,-4.712942,-0.055081
1317357722383336710, -62.047022,-4.643290,-0.083261
1317357722486608699, -61.122366,-4.612334,-0.093737
1317357722610336273, -60.311829,-4.574146,-0.093443
1317357722715558715, -59.472345,-4.533965,-0.102172
1317357722808508894, -58.718109,-4.487119,-0.100850
1317357722921481153, -57.912912,-4.448535,-0.094691
1317357723016292437, -57.115324,-4.410903,-0.092231
1317357723131096387, -56.389040,-4.366540,-0.092070
1317357723247128240, -55.589260,-4.326505,-0.095291
1317357723327733416, -54.854855,-4.278980,-0.100194
1317357723454906735, -54.041703,-4.239693,-0.103347
1317357723548707963, -53.217606,-4.203348,-0.108483
1317357723640552209, -52.448293,-4.159057,-0.120463
1317357723735456734, -51.586272,-4.121733,-0.137382
1317357723858823348, -50.766958,-4.077525,-0.152770
1317357723976884481, -49.838581,-4.050921,-0.169117
1317357724058807108, -48.857459,-4.034188,-0.194414
1317357724199350697, -48.593234,-3.855309,-0.223731
1317357724270082653, -48.298923,-3.644575,-0.240300
1317357724391476513, -47.307971,-3.584828,-0.234203
1317357724484171255, -46.247980,-3.551951,-0.225291
1317357724578481440, -45.156784,-3.523192,-0.239128
1317357724796691964, -44.778178,-3.302755,-0.255231
1317357724898900643, -43.739958,-3.238880,-0.250293
1317357725011751058, -42.653844,-3.197397,-0.248583
1317357725097523362, -41.556570,-3.168226,-0.248961
1317357725307219983, -41.172733,-2.964236,-0.250168
1317357725419796542, -40.145314,-2.919799,-0.239543
1317357725531903079, -39.076931,-2.905998,-0.230283
1317357725661009332, -38.719914,-2.736660,-0.234277
1317357725741693861, -38.399521,-2.559030,-0.224494
1317357725826173582, -37.408689,-2.532163,-0.201016
1317357725917381950, -36.519207,-2.503381,-0.177610
1317357726049104256, -35.579443,-2.495702,-0.156854
1317357726178876752, -35.309927,-2.382881,-0.156173
1317357726259610488, -35.075041,-2.266717,-0.144201
1317357726336154456, -34.220331,-2.237913,-0.125511
1317357726447214587, -33.476637,-2.201338,-0.110053
1317357726577283708, -32.709227,-2.168308,-0.098671
1317357726668284189, -31.968092,-2.132249,-0.091194
1317357726759451978, -31.303182,-2.088474,-0.085183
1317357726861831092, -30.589272,-2.048263,-0.077751
1317357726989410730, -29.935001,-2.006038,-0.067871
1317357727091955810, -29.219911,-1.965142,-0.065207
1317357727202033995, -28.492295,-1.921055,-0.065565
1317357727284459375, -27.805546,-1.871752,-0.064015
1317357727385385391, -27.031496,-1.826789,-0.058269
1317357727611949071, -26.848597,-1.738089,-0.062709
1317357727695386864, -26.082558,-1.681690,-0.061989
1317357727816660386, -25.414714,-1.622298,-0.059666
1317357727920686721, -24.723880,-1.566812,-0.056349
1317357728022361243, -24.113982,-1.509083,-0.052919
1317357728127843992, -23.467195,-1.453781,-0.051447
1317357728238789485, -22.838477,-1.396535,-0.053451
1317357728339865459, -22.275963,-1.337445,-0.050802
1317357728445656761, -21.670033,-1.280642,-0.050921
1317357728537691975, -21.124266,-1.223203,-0.047579
1317357728655716163, -20.530040,-1.164985,-0.053876
1317357728746637149, -19.938276,-1.113058,-0.044011
1317357728837690869, -19.392170,-1.059531,-0.045214
1317357728958861915, -18.789881,-1.013799,-0.036370
1317357729081033680, -18.220808,-0.969213,-0.035343
1317357729186671539, -18.047757,-0.913470,-0.033980
1317357729267526354, -17.896740,-0.857638,-0.032193
1317357729363633445, -17.359176,-0.815164,-0.028006
1317357729480746930, -16.813035,-0.773111,-0.030327
1317357729576679336, -16.338693,-0.731614,-0.028274
1317357729680213575, -15.845850,-0.694099,-0.023366
1317357729774585605, -15.371550,-0.659099,-0.019334
1317357729905245140, -14.945510,-0.621761,-0.023680
1317357729996090780, -14.490481,-0.586085,-0.022959
1317357730087216311, -14.068966,-0.550254,-0.023268
1317357730199063020, -13.606813,-0.517280,-0.019751
1317357730398031438, -13.447431,-0.481985,-0.014227
1317357730502251014, -12.980702,-0.450877,-0.017485
1317357730626974384, -12.534039,-0.421428,-0.014618
1317357730815797756, -12.373650,-0.392955,-0.005939
1317357730917317664, -12.000774,-0.369189,0.003331
1317357731042297002, -11.640098,-0.344765,-0.001502
1317357731138767398, -11.304778,-0.324232,0.012967
1317357731231790279, -11.012261,-0.305312,0.018201
1317357731334635211, -10.712060,-0.280888,-0.003001
1317357731465128736, -10.445797,-0.255941,-0.005845
1317357731545907078, -10.162139,-0.231187,-0.006068
1317357731664838065, -9.886679,-0.206858,-0.004223
1317357731749541738, -9.637868,-0.182134,-0.004216
1317357731853860544, -9.368617,-0.157796,0.002442
1317357731977727902, -9.124161,-0.130930,0.000758
1317357732072513637, -8.856637,-0.104417,0.010897
1317357732178593812, -8.587448,-0.076892,0.015760
1317357732269466246, -8.338054,-0.047438,0.013581
1317357732375223234, -8.061325,-0.012770,-0.001983
1317357732476573058, -7.797315,0.021689,0.001101
1317357732579902042, -7.500334,0.056157,0.005100
1317357732800972681, -7.434714,0.093656,-0.000772
1317357732905052424, -7.141041,0.135096,-0.024630
1317357732997555873, -6.884026,0.176127,-0.032388
1317357733100596579, -6.616798,0.209800,-0.012944
1317357733207977481, -6.357922,0.240315,-0.005884
1317357733309052626, -6.125812,0.268641,0.000168
1317357733422076874, -5.879827,0.298493,-0.009653
1317357733520532893, -5.654957,0.327927,-0.012484
1317357733621653521, -5.408583,0.356795,-0.015025
1317357733725237899, -5.160615,0.383596,-0.011240
1317357733831973378, -4.932616,0.409524,-0.009924
1317357733935135470, -4.679577,0.433351,-0.005920
1317357734050563438, -4.442541,0.455000,0.001490
1317357734151829186, -4.178982,0.476838,0.000140
1317357734261390852, -3.912221,0.498972,-0.002620
1317357734362406714, -3.665330,0.518004,0.006789
1317357734468851161, -3.389415,0.538478,0.000953
1317357734559938596, -3.132961,0.557085,0.004044
1317357734667822403, -2.844240,0.575907,0.000986
1317357734768894369, -2.546912,0.591509,0.009054
1317357734870545861, -2.267849,0.609965,-0.002623
1317357734973923030, -1.950572,0.631050,-0.013765
1317357735088105647, -1.653480,0.649604,-0.007202
1317357735190100956, -1.317620,0.665547,-0.000584
1317357735287686889, -0.973926,0.682241,-0.004076
1317357735389386685, -0.653073,0.700313,-0.008939
1317357735503687146, -0.292898,0.716771,-0.006102
1317357735605604340, 0.041356,0.731943,-0.001853
1317357735712397346, 0.413515,0.750080,-0.009105
1317357735818475893, 0.789994,0.772730,-0.020192
1317357735920693773, 1.132910,0.801383,-0.032570
1317357736021804068, 1.509707,0.814319,0.005907
1317357736138046533, 1.887262,0.811862,0.046900
1317357736225038933, 2.234461,0.815468,0.036739
1317357736336177368, 2.624460,0.815181,0.062360
1317357736438646400, 2.983562,0.835078,0.027217
1317357736540762824, 3.378944,0.862943,0.027166
1317357736648041845, 3.774794,0.904782,0.004415
1317357736750786495, 4.130315,0.951612,0.003142
1317357736851857342, 4.515797,1.002117,0.006612
1317357736966879816, 4.896653,1.053408,0.022870
1317357737060165551, 5.238035,1.117640,0.006161
1317357737162173557, 5.606951,1.195756,-0.014794
1317357737263969069, 5.936151,1.279795,-0.017793
1317357737385052294, 6.289081,1.366708,-0.017250
1317357737480922711, 6.630672,1.451177,-0.003130
1317357737582067513, 6.928034,1.539969,-0.011661
1317357737683963540, 7.244864,1.636008,-0.034239
1317357737789792661, 7.514622,1.731727,-0.033301
1317357737890766853, 7.799499,1.817277,-0.012889
1317357737994147438, 8.064171,1.895974,0.001151
1317357738099711441, 8.276664,1.961603,0.033076
1317357738204281801, 8.509349,2.015417,0.073489
1317357738305787379, 8.705909,2.060380,0.098882
1317357738410913475, 8.914515,2.107033,0.106833
1317357738516037340, 9.103801,2.142613,0.161130
1317357738618887172, 9.262836,2.166112,0.223816
1317357738725243146, 9.417904,2.184919,0.315117
1317357738828039426, 9.547442,2.197860,0.409370
1317357738934053325, 9.668907,2.216261,0.500583
1317357739047915158, 9.773524,2.239151,0.580803
1317357739140259599, 9.864627,2.270742,-1.058647
1317357739254082233, 9.935434,2.299524,-1.797015
1317357739347352665, 9.984799,2.305518,-1.556690
1317357739450832256, 10.018722,2.303347,-0.656087
1317357739556785771, 10.046923,2.303640,-2.090082
1317357739669511907, 10.068422,2.302226,-2.214818
1317357739766128898, 10.080953,2.297334,-0.345488
1317357739878041480, 10.091448,2.292767,2.056191
1317357739981133662, 10.098136,2.289850,1.426501
1317357740087446272, 10.102312,2.289688,1.690494
