#time(s),x(m),y(m),theta(m)
1317398079544785976, -0.674060,1.369684,-0.000760
1317398079649014950, -0.161721,1.383001,1.743001
1317398079753268003, -0.265830,1.960564,1.744054
1317398079857522011, -0.361137,2.487785,1.745627
1317398079961802006, -0.456924,3.015728,1.747315
1317398080066081047, -0.563473,3.601300,1.748676
1317398080170336008, -0.662741,4.143819,1.749746
1317398080274590969, -0.773819,4.749895,1.750922
1317398080378846884, -0.877366,5.311764,1.751762
1317398080483100891, -0.992948,5.937903,1.752785
1317398080587354898, -1.101038,6.521042,1.753689
1317398080691610098, -1.211591,7.115688,1.754651
1317398080795864105, -1.335656,7.781174,1.755662
1317398081004373074, -1.452327,8.404659,1.756427
1317398081108603001, -1.583368,9.103034,1.756953
1317398081212835073, -1.821368,10.368338,1.758690
1317398081317115068, -1.960752,11.104147,1.759381
1317398081421394110, -2.091508,11.793108,1.760014
1317398081525649071, -2.239146,12.568883,1.761091
1317398081629903078, -2.378392,13.297618,1.761230
1317398081734157085, -2.534405,14.113392,1.761455
1317398081838412046, -2.822299,15.611518,1.761859
1317398081942655087, -2.830435,15.660112,1.761686
1317398082151128054, -2.998661,16.536978,1.761189
1317398082255358934, -3.155243,17.355415,1.760522
1317398082359591007, -3.482095,19.062363,1.758666
1317398082463821888, -3.659894,20.000945,1.757415
1317398082568027973, -3.824187,20.873089,1.757119
1317398082672234058, -3.991014,21.759343,1.757298
1317398082776417017, -4.176775,22.744814,1.757198
1317398082880600929, -4.347961,23.653342,1.757022
1317398082984807968, -4.537728,24.661232,1.757035
1317398083089011908, -4.712647,25.590175,1.756899
1317398083193218946, -4.905843,26.616748,1.757081
1317398083297426939, -5.083920,27.562339,1.757199
1317398083401633978, -5.262505,28.510158,1.757493
1317398083505842924, -5.460524,29.559617,1.757766
1317398083610049009, -5.642530,30.522958,1.758062
1317398083714230061, -5.843845,31.586751,1.758068
1317398083818413019, -6.209871,33.519610,1.758524
1317398083922597885, -6.216298,33.554890,1.758488
1317398084026756048, -6.423972,34.649568,1.759166
1317398084130933046, -6.615020,35.652891,1.759469
1317398084235117912, -6.826276,36.760156,1.759997
1317398084339278936, -7.020730,37.776228,1.760490
1317398084443464041, -7.235068,38.892642,1.760856
1317398084547667980, -7.431728,39.914760,1.761173
1317398084651874065, -7.628905,40.937743,1.761657
1317398084756079912, -7.845614,42.059076,1.762450
1317398084860287905, -8.043460,43.078485,1.762993
1317398084964518070, -8.260648,44.194388,1.763515
1317398085068747997, -8.458919,45.210285,1.763884
1317398085172955036, -8.677194,46.327081,1.763980
1317398085277132988, -8.876047,47.344248,1.764136
1317398085381341934, -9.075181,48.362420,1.763933
1317398085485575914, -9.293604,49.480775,1.763769
1317398085589782000, -9.492427,50.500202,1.763657
1317398085693989992, -9.709156,51.612518,1.763342
1317398085798171043, -10.100588,53.623165,1.762834
1317398085902354002, -10.104446,53.646143,1.762870
1317398086006557941, -10.321375,54.765088,1.762796
1317398086110738993, -10.518580,55.783150,1.762799
1317398086214903116, -10.735138,56.900844,1.762694
1317398086319087029, -10.932488,57.920435,1.762605
1317398086423268080, -11.148915,59.038735,1.762638
1317398086527426958, -11.346215,60.057886,1.762456
1317398086631583929, -11.543417,61.076514,1.762400
1317398086735742092, -11.760108,62.194674,1.762191
1317398086839926958, -11.957418,63.213013,1.762245
1317398086944109917, -12.174118,64.329883,1.762491
1317398087048269033, -12.567252,66.353478,1.762123
1317398087152426958, -12.571599,66.373234,1.762242
1317398087256587029, -12.790448,67.499303,1.761388
1317398087360744953, -12.988998,68.524554,1.761381
1317398087464900017, -13.206575,69.647454,1.761606
1317398087569057941, -13.404933,70.668463,1.761467
1317398087673218012, -13.622785,71.789336,1.761773
1317398087777376890, -13.821148,72.805509,1.762018
1317398087881513119, -14.019206,73.816429,1.762623
1317398087985646963, -14.237002,74.923494,1.763130
1317398088089807034, -14.435157,75.924577,1.763487
1317398088193943024, -14.652700,77.021149,1.763974
1317398088298078060, -15.045112,79.007101,1.764738
1317398088402211905, -15.050879,79.014407,1.764385
1317398088506345987, -15.269801,80.107066,1.764623
1317398088610505104, -15.468748,81.094453,1.764511
1317398088714670897, -15.685493,82.170889,1.764436
1317398088818804979, -15.882023,83.142206,1.764299
1317398088922933102, -16.095102,84.196168,1.763957
1317398089027069092, -16.286787,85.139774,1.763629
1317398089131201982, -16.475520,86.066984,1.763105
1317398089235336065, -16.678376,87.066458,1.762349
1317398089339472055, -16.859351,87.954359,1.761843
1317398089443630934, -17.052559,88.905081,1.762436
1317398089547789097, -17.388270,90.584939,1.767035
1317398089651947021, -17.395789,90.571054,1.765186
1317398089756105900, -17.580184,91.453865,1.766433
1317398089860289097, -17.744839,92.230319,1.767340
1317398089964469910, -17.920229,93.056557,1.768239
1317398090068653107, -18.076040,93.781090,1.768605
1317398090172861099, -18.241281,94.552173,1.768900
1317398090277069092, -18.386249,95.222622,1.768531
1317398090381273985, -18.524945,95.865859,1.768313
1317398090485506058, -18.669635,96.543282,1.768058
1317398090589787006, -18.794627,97.127632,1.767389
1317398090694112062, -18.923934,97.741316,1.766529
1317398090798437119, -19.139580,98.799938,1.763601
1317398090902772903, -19.139755,98.779505,1.760293
1317398091007123947, -19.245448,99.318102,1.754144
1317398091111466885, -19.332474,99.785064,1.745808
1317398091215840101, -19.418025,100.278370,1.734919
1317398091320264101, -19.485044,100.706745,1.722567
1317398091424710989, -19.547761,101.157992,1.706978
1317398091529181004, -19.592508,101.549034,1.691015
1317398091738193989, -19.631298,101.964798,1.671990
1317398091842760086, -19.654501,102.331867,1.651877
1317398091947328091, -19.700238,103.097930,1.603562
1317398092051870108, -19.692056,103.443626,1.574957
1317398092156388044, -19.671486,103.819727,1.540967
1317398092260907888, -19.636686,104.154235,1.507606
1317398092365426064, -19.586138,104.519634,1.467619
1317398092469919920, -19.522380,104.844761,1.428292
1317398092574392080, -19.438977,105.197817,1.383204
1317398092678838968, -19.281620,105.839702,1.296241
1317398092887660027, -19.247166,105.823979,1.294837
1317398092992036104, -19.111743,106.158303,1.243397
1317398093096385002, -18.854322,106.789722,1.143857
1317398093305135012, -18.682903,107.064602,1.095824
1317398093409487009, -18.481174,107.362200,1.042858
1317398093513813019, -18.094438,107.938127,0.937866
1317398093618139982, -17.656214,108.460947,0.833125
1317398093826792002, -17.614229,108.443048,0.834045
1317398093931118965, -17.317265,108.706103,0.777706
1317398094035423040, -16.751371,109.204811,0.666265
1317398094139712095, -16.428785,109.409175,0.614419
1317398094243942976, -16.060891,109.624097,0.555952
1317398094348114967, -15.387260,110.002808,0.451015
1317398094452227116, -15.342398,109.992407,0.453721
1317398094556241035, -14.918410,110.168748,0.400293
1317398094660182953, -14.511809,110.315244,0.356261
1317398094764101028, -14.050627,110.465596,0.313861
1317398094868017912, -13.611300,110.590972,0.282048
1317398094971939087, -13.113572,110.721306,0.252328
1317398095075882912, -12.638621,110.832913,0.228279
1317398095179825068, -12.145230,110.939313,0.206822
1317398095283742905, -11.587470,111.050667,0.184715
1317398095387635946, -10.558196,111.239922,0.146183
1317398095595354080, -10.506717,111.248062,0.149866
1317398095699152946, -9.882580,111.344433,0.134235
1317398095802953005, -8.680302,111.511373,0.111583
1317398095906774044, -8.055210,111.588709,0.108489
1317398096114563942, -7.412935,111.667659,0.108771
1317398096218507051, -6.692534,111.756625,0.112121
1317398096322499037, -5.309434,111.923234,0.118282
1317398096426516056, -4.612581,112.017149,0.122165
1317398096530553102, -3.899462,112.116011,0.125592
1317398096634635925, -3.104062,112.227743,0.128709
1317398096738749027, -2.365593,112.334550,0.131780
1317398096842860937, -1.545133,112.454350,0.134537
1317398096946971893, -0.789299,112.567480,0.136056
1317398097051105022, -0.027574,112.682260,0.136775
1317398097155263901, 0.815688,112.808591,0.136891
1317398097259399891, 1.591609,112.925539,0.137160
1317398097363533974, 2.448322,113.053600,0.137309
1317398097467693090, 4.011997,113.279135,0.135860
1317398097571851015, 4.038289,113.291869,0.137139
1317398097675986052, 4.924771,113.422957,0.137608
1317398097780143976, 5.735976,113.543592,0.137932
1317398097884330034, 6.628714,113.675276,0.137809
1317398097988487005, 7.443546,113.795561,0.137909
1317398098092642069, 8.337781,113.926487,0.138641
1317398098196825981, 9.151036,114.046283,0.139300
1317398098301007032, 9.961223,114.165737,0.139918
1317398098405189037, 10.843102,114.295350,0.141464
1317398098509375095, 11.642792,114.414167,0.143075
1317398098717755079, 12.518586,114.544740,0.144033
1317398098821991920, 14.096156,114.777460,0.146532
1317398098926244974, 14.960306,114.908499,0.147273
1317398099030491114, 15.742688,115.027636,0.147464
1317398099134756088, 16.597090,115.157269,0.146802
1317398099238985062, 17.371857,115.274167,0.145057
1317398099343214989, 18.219337,115.400007,0.143009
1317398099447480917, 18.987344,115.512348,0.141002
1317398099656029940, 19.752190,115.622421,0.139049
1317398099760288954, 20.588583,115.740760,0.136867
1317398099864531994, 22.151793,115.957194,0.132718
1317398099968785048, 22.888874,116.056609,0.130903
1317398100073040009, 23.696942,116.163949,0.129755
1317398100177292109, 24.428810,116.260390,0.128438
1317398100281553984, 25.155879,116.355159,0.126972
1317398100385783911, 25.947805,116.457106,0.125391
1317398100490016937, 26.657363,116.547369,0.123914
1317398100594274044, 27.421566,116.643358,0.122809
1317398100698529005, 28.102487,116.728199,0.121815
1317398100907084942, 28.842355,116.819520,0.121354
1317398101011372089, 29.510777,116.901687,0.121151
1317398101115647078, 30.894405,117.070682,0.120626
1317398101324193954, 31.551622,117.150677,0.120359
1317398101428493977, 32.274567,117.238224,0.119842
1317398101532847881, 33.626036,117.400808,0.119453
1317398101637172937, 34.268326,117.477397,0.119347
1317398101741498947, 34.908723,117.553185,0.118394
1317398101845822096, 35.611772,117.635267,0.114803
1317398101950124979, 36.250088,117.706954,0.109728
1317398102054405928, 36.952578,117.782224,0.103501
1317398102158694983, 37.597498,117.847021,0.097332
1317398102262949944, 38.311736,117.914502,0.089555
1317398102367181063, 38.967316,117.971173,0.083504
1317398102471409082, 39.630719,118.024591,0.078275
1317398102575632095, 40.366301,118.080278,0.073625
1317398102679862976, 41.045801,118.128542,0.069868
1317398102784076929, 41.799889,118.179642,0.066924
1317398102888307095, 42.495076,118.224700,0.065236
1317398102992527962, 43.267844,118.273729,0.063351
1317398103096735954, 43.981108,118.317612,0.062075
1317398103200953007, 44.701546,118.361255,0.061581
1317398103305160999, 45.499920,118.409595,0.061550
1317398103513622999, 46.230634,118.453970,0.061101
1317398103617845058, 47.039442,118.502929,0.060535
1317398103826351881, 48.483032,118.590026,0.060295
1317398103930605888, 49.289812,118.638415,0.060308
1317398104034859896, 50.790232,118.728650,0.057721
1317398104243380070, 51.518476,118.770404,0.055760
1317398104347630024, 52.319212,118.814807,0.053677
1317398104451884985, 53.754587,118.891726,0.050107
1317398104556132078, 54.563581,118.932203,0.048553
1317398104660388947, 55.305491,118.968178,0.047593
1317398104868918896, 56.129229,119.007336,0.047060
1317398104973186016, 56.885802,119.042920,0.045939
1317398105077466011, 58.454328,119.114916,0.043964
1317398105285964012, 59.225828,119.148716,0.042576
1317398105390229940, 60.079190,119.184878,0.040643
1317398105598742962, 61.689729,119.250241,0.036838
1317398105702996016, 62.478632,119.279350,0.035518
1317398105807250023, 64.118537,119.337871,0.034418
1317398105911478043, 64.916933,119.365884,0.034878
1317398106119962931, 65.801390,119.397552,0.035491
1317398106224193096, 66.614463,119.427442,0.035869
1317398106328866959, 68.305956,119.489411,0.038469
1317398106433121920, 69.201958,119.525345,0.040370
1317398106641168118, 70.023931,119.560135,0.042184
1317398106745405912, 70.849252,119.596729,0.043991
1317398106849661112, 72.560436,119.673900,0.047704
1317398106953926086, 73.467836,119.719074,0.049495
1317398107162436008, 74.296181,119.761943,0.051197
1317398107266690016, 75.208503,119.810537,0.052032
1317398107370944977, 76.857595,119.898253,0.053224
1317398107475200891, 77.765006,119.948495,0.053585
1317398107579457045, 78.591292,119.994831,0.054126
1317398107683712959, 79.497486,120.046065,0.055055
1317398107787988901, 80.322499,120.093854,0.055599
1317398107892277956, 81.222044,120.146381,0.056148
1317398107996546984, 82.039366,120.194811,0.056744
1317398108100824118, 82.854073,120.243509,0.056771
1317398108205084085, 83.746504,120.296520,0.056399
1317398108309329033, 84.554809,120.344281,0.054983
1317398108517808914, 85.435903,120.394766,0.053340
1317398108622096062, 87.029960,120.481790,0.051773
1317398108726353884, 87.900548,120.528710,0.050754
1317398108830606937, 88.689531,120.570472,0.049667
1317398108934859991, 89.547418,120.614652,0.048637
1317398109039139986, 90.324403,120.653779,0.047549
1317398109247685909, 91.173289,120.695213,0.045754
1317398109351977110, 92.702933,120.766058,0.040093
1317398109456233025, 93.534626,120.800030,0.036285
1317398109560472012, 94.288028,120.827784,0.032375
1317398109664726019, 95.110979,120.854707,0.028433
1317398109769009113, 95.858933,120.876186,0.024939
1317398109873294115, 96.675516,120.896624,0.021630
1317398109977560043, 98.149242,120.928315,0.017798
1317398110186005116, 98.160161,120.928164,0.017205
1317398110290260077, 98.978017,120.941667,0.013840
1317398110394514084, 100.517123,120.962224,0.006664
1317398110498740911, 101.246519,120.966155,0.003883
1317398110602972984, 102.045710,120.967988,0.001760
1317398110811491966, 102.770771,120.967624,-0.001123
1317398110915747881, 103.494858,120.964850,-0.004028
1317398111020029068, 104.991509,120.956361,-0.008227
1317398111124346018, 105.771398,120.946882,-0.011752
1317398111332959890, 106.478742,120.934889,-0.014284
1317398111437273026, 107.255924,120.919419,-0.019098
1317398111541614056, 108.651086,120.887665,-0.030587
1317398111645953894, 109.412598,120.858465,-0.039515
1317398111750279903, 110.102771,120.824614,-0.049562
1317398111854620934, 110.860020,120.779950,-0.062167
1317398111958947897, 111.546236,120.729717,-0.074081
1317398112063227892, 112.298655,120.666148,-0.086593
1317398112167484045, 112.981988,120.599106,-0.097293
1317398112271711111, 113.664009,120.525033,-0.107176
1317398112375890017, 114.409744,120.437691,-0.116503
1317398112480048895, 115.085048,120.352022,-0.123716
1317398112584175110, 115.826037,120.253787,-0.130157
1317398112688313961, 116.496528,120.160591,-0.134251
1317398112792484999, 117.232686,120.056454,-0.136005
1317398112896612883, 117.895636,119.961751,-0.136250
1317398113000721931, 118.556190,119.868028,-0.136434
1317398113104846001, 119.276897,119.766641,-0.135354
1317398113208970070, 119.928303,119.676164,-0.132852
1317398113313117981, 120.641938,119.579656,-0.131112
1317398113417256117, 121.283802,119.494496,-0.128303
1317398113521342039, 121.986318,119.403943,-0.125156
1317398113625439882, 122.619798,119.325009,-0.122633
1317398113729549885, 123.247398,119.249071,-0.119418
1317398113833647013, 123.932872,119.168884,-0.113828
1317398113937779903, 124.550923,119.100864,-0.107618
1317398114041970015, 125.225839,119.031045,-0.100576
1317398114146163940, 125.835231,118.973103,-0.094876
1317398114250345945, 126.439064,118.919634,-0.089917
1317398114354542971, 127.098814,118.864643,-0.084836
1317398114458741903, 127.693851,118.819163,-0.080281
1317398114562952995, 128.343226,118.772674,-0.075264
1317398114667140007, 128.927809,118.734991,-0.071256
1317398114771322966, 129.508004,118.700647,-0.067128
1317398114875502110, 130.138787,118.666065,-0.061733
1317398114979640961, 130.708549,118.639451,-0.055976
1317398115083755970, 131.330575,118.613885,-0.048536
1317398115187864065, 131.891999,118.596552,-0.039984
1317398115291975021, 132.505089,118.582573,-0.028383
1317398115396054029, 133.056518,118.577905,-0.016161
1317398115500114918, 133.605512,118.580343,-0.003460
1317398115604176998, 134.204690,118.589632,0.012828
1317398115708251953, 134.746597,118.607728,0.030353
1317398115812361956, 135.338680,118.636309,0.052310
1317398115916508913, 135.873344,118.674009,0.073334
1317398116020726919, 136.404134,118.721497,0.094077
1317398116125041962, 136.984341,118.783209,0.116100
1317398116229441881, 137.508568,118.849529,0.134353
1317398116333925009, 138.084138,118.930501,0.150249
1317398116438491106, 138.602745,119.010092,0.159228
1317398116543067932, 139.172220,119.100693,0.161730
1317398116647578001, 139.687451,119.182196,0.155400
1317398116752049923, 140.201523,119.258607,0.142884
1317398116856530905, 140.765097,119.334246,0.127989
1317398116961025000, 141.272754,119.393004,0.115089
1317398117065495968, 141.827753,119.449635,0.101720
1317398117169893026, 142.330816,119.492646,0.088022
1317398117274265051, 142.882352,119.532279,0.070422
1317398117378606081, 143.379788,119.557766,0.053569
1317398117482935905, 143.924719,119.576985,0.036912
1317398117587265015, 144.417855,119.584972,0.022838
1317398117691531897, 144.957503,119.586948,0.007577
1317398117795785904, 145.446552,119.580231,-0.005613
1317398117900016069, 145.930751,119.567169,-0.017715
1317398118004232883, 146.460548,119.547540,-0.029144
1317398118108417988, 146.939094,119.523507,-0.038759
1317398118212587118, 147.461989,119.493244,-0.046294
1317398118316793919, 147.935474,119.461252,-0.050696
1317398118421003103, 148.403905,119.427355,-0.053302
1317398118525244951, 148.917040,119.389606,-0.055202
1317398118629513025, 149.380207,119.353367,-0.054704
1317398118733779907, 149.887132,119.314682,-0.055090
1317398118838068962, 150.348400,119.277896,-0.057255
1317398118942389011, 150.861300,119.236752,-0.058845
1317398119046724081, 151.335722,119.196631,-0.061396
1317398119151034117, 151.819302,119.154225,-0.065525
1317398119255326986, 152.360338,119.105614,-0.069947
1317398119359628916, 152.860135,119.057210,-0.073944
1317398119463942051, 153.418889,119.002107,-0.078194
1317398119568226099, 153.936390,118.947522,-0.082133
1317398119672470093, 154.513932,118.885667,-0.086304
1317398119776742935, 155.046293,118.825178,-0.089520
1317398119880995035, 155.582399,118.762598,-0.092609
1317398119985224962, 156.177804,118.692770,-0.095379
1317398120089458942, 156.724212,118.626003,-0.096829
1317398120193665028, 157.328853,118.552839,-0.098521
1317398120297873974, 157.882433,118.483919,-0.098553
1317398120402081013, 158.491733,118.409806,-0.098589
1317398120506263018, 159.047463,118.341367,-0.097329
1317398120610445976, 159.602305,118.274194,-0.095572
1317398120714638948, 160.211270,118.203425,-0.092390
1317398120818794012, 160.763095,118.140645,-0.088153
1317398120922952890, 161.367074,118.076423,-0.083471
1317398121131275892, 161.913248,118.020777,-0.077535
1317398121235434055, 162.457027,117.969620,-0.071322
1317398121339574099, 163.579345,117.882027,-0.061687
1317398121547883987, 164.151584,117.841002,-0.053792
1317398121652066946, 164.662423,117.809673,-0.045900
1317398121756203890, 165.693843,117.760830,-0.033601
1317398121860325098, 166.160190,117.746286,-0.024893
1317398122068532944, 166.656729,117.737931,-0.014707
1317398122172590971, 167.094111,117.738589,-0.003828
1317398122276627064, 167.960498,117.745797,0.020486
1317398122484617949, 168.354131,117.767982,0.037375
1317398122588620901, 168.782502,117.801836,0.058048
1317398122796587944, 169.580963,117.869949,0.103629
1317398122900625944, 169.954564,117.934440,0.131772
1317398123108696938, 170.718224,118.064926,0.194097
1317398123316792965, 171.073643,118.167563,0.227423
1317398123420845032, 171.805187,118.372935,0.292246
1317398123628894091, 172.512819,118.625175,0.357420
1317398123732902050, 172.839598,118.789905,0.390211
1317398123940902948, 173.840653,119.247508,0.497895
1317398124044895887, 173.841397,119.296833,0.498614
1317398124252891064, 174.510936,119.712836,0.581307
1317398124356930971, 174.854267,119.992388,0.627916
1317398124460994959, 175.506892,120.522165,0.722271
1317398124669157028, 175.805053,120.843365,0.767498
1317398124773255110, 176.099507,121.188333,0.812885
1317398124981530905, 176.718516,121.904798,0.910439
1317398125189949036, 177.020115,122.357578,0.959700
1317398125294213057, 177.560893,123.194404,1.050935
1317398125502892971, 178.084975,124.175144,1.142050
1317398125607278109, 178.324632,124.764906,1.184507
1317398125711735964, 178.766785,125.913894,1.259186
1317398125920727968, 178.945372,126.526649,1.287220
1317398126025197983, 179.115567,127.161347,1.311708
1317398126234019995, 179.460145,128.502539,1.356626
1317398126338416100, 179.618789,129.261554,1.371996
1317398126547224998, 179.909881,130.724103,1.403166
1317398126756227016, 180.035232,131.465916,1.415034
1317398126860735893, 180.283849,133.032766,1.444994
1317398127069641113, 180.495132,134.656638,1.464374
1317398127174084902, 180.589975,135.462123,1.463734
1317398127278458118, 180.783480,137.162790,1.461832
1317398127487128019, 180.895880,138.078444,1.457626
1317398127591415882, 181.005656,138.925488,1.453349
1317398127799931049, 181.231662,140.719743,1.448859
1317398128008389950, 181.353588,141.593008,1.444500
1317398128112654924, 181.601401,143.425393,1.439676
1317398128321130037, 181.858133,145.258051,1.436158
1317398128425348997, 181.990877,146.128163,1.433551
1317398128529542923, 182.258147,147.958173,1.430777
1317398128737951994, 182.406104,148.907341,1.429048
1317398128842149973, 182.542969,149.769727,1.427900
1317398128946362019, 182.832423,151.688537,1.427734
1317398129050561905, 182.956402,152.459073,1.428094
1317398129258953094, 183.105609,153.409398,1.428788
1317398129363125086, 183.241203,154.270993,1.429830
1317398129571487904, 183.638127,156.982070,1.434168
1317398129779858112, 183.646498,156.955634,1.434534
1317398129884037971, 183.908717,158.781392,1.438401
1317398129988219976, 184.160984,160.587947,1.442710
1317398130092382908, 184.291007,161.508189,1.445933
1317398130196536064, 184.406471,162.336719,1.449231
1317398130404906034, 184.518583,163.160606,1.452808
1317398130509087086, 184.636349,164.057613,1.456440
1317398130613305092, 184.845051,165.776006,1.463406
1317398130821711063, 185.027224,167.363132,1.470326
1317398130925910950, 185.033697,167.319019,1.472891
1317398131030117035, 185.202619,168.927605,1.480886
1317398131238529921, 185.284745,169.719851,1.486603
1317398131342772007, 185.354318,170.419325,1.492302
1317398131447016954, 185.479241,171.878182,1.503411
1317398131551271915, 185.531608,172.512975,1.511390
1317398131759854078, 185.581101,173.192910,1.519285
1317398131864136934, 185.620102,173.784211,1.526727
1317398131968369961, 185.681627,175.005372,1.535929
1317398132176928043, 185.708285,175.579905,1.540333
1317398132281187057, 185.729197,176.078165,1.546247
1317398132385415077, 185.759001,177.116768,1.552393
1317398132593808889, 185.769876,177.560269,1.557431
1317398132697945118, 185.777246,178.042757,1.563632
1317398132802018881, 185.782517,178.983825,1.575187
1317398132906030893, 185.776376,179.401529,1.585964
1317398133010020971, 185.762871,179.817415,1.600017
1317398133114001036, 185.739213,180.274487,1.618962
1317398133321867943, 185.706184,180.679156,1.640374
1317398133425817966, 185.658506,181.122333,1.668011
1317398133529733896, 185.559490,181.932168,1.725375
1317398133633657932, 185.470111,182.349085,1.764479
1317398133841520071, 185.370035,182.717601,1.802787
1317398133945456028, 185.244338,183.118652,1.846844
1317398134049396992, 185.002588,183.852682,1.932304
1317398134153332949, 184.824989,184.220646,1.982973
1317398134361303091, 184.643726,184.540527,2.031257
1317398134465293884, 184.428899,184.884533,2.086352
1317398134569340944, 184.026592,185.511817,2.190241
1317398134673404932, 183.761501,185.809735,2.248682
1317398134777458906, 183.504118,186.060092,2.303169
1317398134985594034, 183.209083,186.322926,2.364270
1317398135089693069, 182.924515,186.541649,2.419745
1317398135193815947, 182.326646,187.010657,2.536937
1317398135297954082, 182.009273,187.177377,2.592936
1317398135402137041, 181.653554,187.345275,2.653559
1317398135506347895, 181.319976,187.475697,2.708026
1317398135610565901, 180.980040,187.589086,2.762432
1317398135819042921, 180.600471,187.698871,2.821147
1317398135923357010, 180.250059,187.776331,2.873012
1317398136027733088, 179.509708,187.944321,2.982145
1317398136132155895, 179.105741,187.976536,3.034441
1317398136236615896, 178.731742,187.987096,3.078380
1317398136341161013, 178.351974,187.984511,3.118161
1317398136445734024, 177.929410,187.970734,-3.126184
1317398136654798985, 177.538007,187.943740,-3.095830
1317398136759352922, 177.096873,187.905139,-3.066422
1317398136863847971, 176.225640,187.823856,-3.021462
1317398136968277931, 175.796407,187.758954,-3.006160
1317398137072676897, 175.308305,187.681825,-2.994353
1317398137177066088, 174.849432,187.605319,-2.984848
1317398137281471014, 174.376593,187.524002,-2.973610
1317398137385837078, 173.839211,187.428039,-2.960303
1317398137490205050, 173.332410,187.331951,-2.946778
1317398137594624996, 172.754746,187.216392,-2.933508
1317398137699071884, 172.212005,187.101955,-2.923475
1317398137803544998, 171.595470,186.967295,-2.912755
1317398137908030033, 171.020099,186.837085,-2.905516
1317398138012500048, 170.367514,186.685621,-2.901081
1317398138221441984, 169.755850,186.542804,-2.900342
1317398138325958967, 169.126905,186.396898,-2.900811
1317398138430478096, 167.755989,186.070620,-2.900885
1317398138534970999, 167.012126,185.899647,-2.906138
1317398138639441013, 166.317744,185.745739,-2.914998
1317398138743865013, 165.532066,185.578179,-2.927088
1317398138848251104, 164.800157,185.432912,-2.939105
1317398138952624083, 163.973911,185.277878,-2.952198
1317398139056974888, 163.205216,185.145397,-2.964318
1317398139265609980, 162.419876,185.019697,-2.976158
1317398139369888067, 161.535121,184.886949,-2.989731
1317398139474122047, 159.791249,184.634610,-3.013530
1317398139578353882, 158.950277,184.540495,-3.025389
1317398139682612896, 158.014302,184.444650,-3.037254
1317398139786819935, 157.158132,184.367519,-3.046854
1317398139890990019, 156.302469,184.297751,-3.056191
1317398139995177031, 155.356375,184.227277,-3.065243
1317398140099349022, 154.497871,184.171066,-3.071545
1317398140203514099, 153.550148,184.112967,-3.076095
1317398140307668924, 152.687326,184.063670,-3.078559
1317398140411854982, 151.738781,184.010086,-3.080116
1317398140516031027, 150.875426,183.962363,-3.080873
1317398140620212078, 150.010375,183.914299,-3.081600
1317398140724394083, 149.054727,183.860645,-3.082482
1317398140828545094, 148.185693,183.812188,-3.083174
1317398140932735920, 147.231346,183.758674,-3.083436
1317398141036926031, 145.468172,183.657699,-3.082979
1317398141245245934, 145.490912,183.660178,-3.082737
1317398141349438906, 144.528691,183.604156,-3.081894
1317398141453597069, 142.679747,183.493962,-3.079852
1317398141557770014, 141.815223,183.440503,-3.079277
1317398141661976099, 140.862683,183.380833,-3.077979
1317398141870485067, 139.995676,183.325170,-3.077132
1317398141974730968, 139.130729,183.268819,-3.076573
1317398142078988075, 137.287679,183.148333,-3.076103
1317398142183222055, 136.340398,183.085779,-3.076926
1317398142287451029, 135.481427,183.029852,-3.078242
1317398142495943069, 134.536481,182.969718,-3.080161
1317398142600184917, 133.680178,182.916910,-3.081279
1317398142704478025, 131.856936,182.806694,-3.083127
1317398142808726072, 131.010409,182.757137,-3.083409
1317398143017153978, 130.078691,182.702902,-3.084004
1317398143121376038, 128.353194,182.603570,-3.085133
1317398143329860926, 127.421583,182.551175,-3.085585
1317398143434103012, 126.573886,182.504029,-3.086115
1317398143538326979, 124.775030,182.404585,-3.086472
1317398143642571926, 123.843718,182.353754,-3.086570
1317398143851083994, 122.993917,182.307642,-3.087005
1317398143955313921, 122.138615,182.261696,-3.087447
1317398144059549093, 120.304365,182.163122,-3.089154
1317398144163778067, 119.355128,182.114186,-3.089681
1317398144372245073, 118.486435,182.069811,-3.090440
1317398144476476908, 117.524467,182.021126,-3.091162
1317398144580710888, 115.745110,181.931633,-3.092637
1317398144789186954, 114.776602,181.884241,-3.093363
1317398144893403053, 113.891558,181.841261,-3.092983
1317398144997612953, 111.992385,181.748238,-3.092662
1317398145205982924, 111.006061,181.698907,-3.090478
1317398145310180902, 110.106992,181.651442,-3.087086
1317398145414381027, 108.177155,181.544322,-3.078333
1317398145622823954, 107.271085,181.484718,-3.073357
1317398145727071047, 106.264130,181.413616,-3.067555
1317398145831325054, 104.395718,181.272865,-3.058023
1317398146039838076, 103.383583,181.185971,-3.054480
1317398146144033909, 102.458525,181.103383,-3.052838
1317398146248259068, 100.467709,180.924691,-3.051041
1317398146456727028, 99.436545,180.829741,-3.050103
1317398146560978889, 98.496504,180.742322,-3.049362
1317398146665222883, 96.487457,180.555415,-3.047657
1317398146873717070, 95.551494,180.466195,-3.047280
1317398146977935076, 94.521158,180.367825,-3.046977
1317398147186378956, 92.527287,180.177820,-3.046078
1317398147290607929, 91.599554,180.088248,-3.045966
1317398147499046087, 89.612763,179.897103,-3.045045
1317398147603254080, 88.688444,179.807069,-3.044909
1317398147811677933, 86.705469,179.614315,-3.044216
1317398147915858030, 85.687750,179.514549,-3.044862
1317398148020040035, 83.803367,179.331467,-3.045695
1317398148228368998, 82.786976,179.233567,-3.046146
1317398148332562923, 81.863192,179.145044,-3.046326
1317398148540904999, 78.912099,178.863009,-3.046810
1317398148645086050, 78.952164,178.866853,-3.047050
1317398148749269009, 76.961656,178.678170,-3.047080
1317398148957603931, 75.936503,178.581111,-3.047428
1317398149165985107, 75.008164,178.493583,-3.047160
1317398149270193100, 73.021300,178.305593,-3.046455
1317398149478606939, 71.040824,178.116989,-3.045976
1317398149582808971, 70.121380,178.029482,-3.045956
1317398149791213989, 67.181223,177.748526,-3.050666
1317398149895435095, 67.217760,177.753417,-3.050804
1317398150103873968, 65.236550,177.574790,-3.055561
1317398150312277079, 64.212090,177.488436,-3.057950
1317398150416457891, 62.223620,177.323826,-3.062720
1317398150624846935, 60.337005,177.176949,-3.066659
1317398150833163977, 59.311112,177.102178,-3.068123
1317398151041506052, 57.318267,176.957642,-3.070480
1317398151249838114, 55.322321,176.817444,-3.071050
1317398151353996038, 53.423046,176.684936,-3.070727
1317398151666593075, 51.427593,176.544767,-3.068460
1317398151874963045, 50.399431,176.470710,-3.066938
1317398152083353996, 47.422721,176.249160,-3.066784
1317398152291676998, 45.426999,176.100488,-3.067430
1317398152499991894, 43.422705,175.952279,-3.067091
1317398152708300114, 41.519817,175.810658,-3.064242
1317398153020843029, 39.516953,175.655424,-3.059849
1317398153229228973, 36.522550,175.409627,-3.049424
1317398153437633038, 34.515759,175.223157,-3.043760
1317398153646085024, 32.506455,175.024863,-3.039456
1317398153854521036, 30.493498,174.817565,-3.035600
1317398154062932968, 28.479116,174.602377,-3.033901
1317398154271301985, 26.470424,174.384473,-3.032737
1317398154479643106, 24.563000,174.175298,-3.030678
1317398154792105913, 22.568311,173.952326,-3.027572
1317398155000377893, 20.586271,173.724290,-3.024462
1317398155208698988, 17.646001,173.376994,-3.018624
1317398155417010069, 15.710406,173.135782,-3.013505
1317398155521168947, 12.822651,172.761293,-3.006796
1317398155729523897, 11.876418,172.629601,-3.005741
1317398155937918901, 11.023074,172.509444,-3.005584
1317398156146275997, 9.127573,172.246282,-3.006170
1317398156250432014, 7.248849,171.986269,-3.006713
1317398156458748102, 5.391791,171.729745,-3.006713
1317398156562901974, 4.574647,171.613706,-3.005905
1317398156875369072, 1.856142,171.236646,-3.001699
1317398157083730936, 1.959721,171.244111,-3.002574
1317398157292097092, -0.774367,170.853838,-2.997097
1317398157500510931, -2.490928,170.595036,-2.995121
1317398157709110975, -4.077104,170.351161,-2.994234
1317398157813400984, -5.696694,170.100174,-2.994157
1317398158021944046, -7.252029,169.858002,-2.998424
1317398158230478048, -7.989041,169.740323,-3.003654
1317398158439002991, -9.400208,169.532764,-3.011976
1317398158647521973, -10.853787,169.331675,-3.020965
1317398158856029987, -12.280207,169.147184,-3.030014
1317398159064479113, -13.681402,168.978607,-3.038395
1317398159272979975, -15.046632,168.825609,-3.045465
1317398159481511116, -16.376378,168.685780,-3.052621
1317398159690066099, -17.665470,168.559273,-3.060432
1317398159898647070, -18.844107,168.452170,-3.069381
1317398160107219934, -20.031926,168.355671,-3.080325
1317398160420186996, -21.155271,168.277221,-3.092751
1317398160628842115, -22.212362,168.217519,-3.106116
1317398160837508917, -23.723540,168.157697,-3.129311
1317398161046171904, -24.640866,168.143609,3.130349
1317398161254815102, -25.513500,168.153963,3.101766
1317398161463520050, -26.335309,168.191166,3.069390
1317398161672256947, -27.108662,168.256048,3.034138
1317398161880978107, -27.839920,168.348548,2.993085
1317398162089761019, -28.481873,168.463336,2.947090
1317398162403032064, -29.135445,168.616289,2.894892
1317398162611876965, -29.812520,168.816882,2.834603
1317398162820733070, -30.784725,169.161464,2.737724
1317398163029556036, -31.335583,169.443829,2.668328
1317398163238302946, -31.897246,169.784617,2.589507
1317398163551311016, -32.456953,170.189513,2.505596
1317398163759917021, -33.342594,170.910431,2.378288
1317398163968422890, -33.885455,171.509474,2.288678
1317398164176933050, -34.405002,172.190352,2.199044
1317398164385462046, -34.899948,172.963983,2.112803
1317398164593856096, -35.367542,173.838668,2.029459
1317398164802086115, -35.800296,174.818804,1.947136
1317398165010076046, -36.184324,175.900767,1.865105
1317398165113971949, -36.485974,177.015313,1.796546
1317398165425532103, -36.745510,178.271239,1.739091
1317398165633284092, -36.838363,178.946620,1.719255
1317398165840977907, -37.130317,180.994039,1.683084
1317398166048727989, -37.285420,182.444904,1.674784
1317398166256603003, -37.431999,183.872723,1.677597
1317398166464633942, -37.601553,185.426799,1.687572
1317398166672774076, -37.796440,187.022582,1.700168
1317398166881006956, -38.019455,188.647181,1.711431
1317398166985117912, -38.265719,190.282994,1.720437
1317398167193363905, -38.517111,191.839122,1.726867
1317398167297518969, -38.664349,192.658343,1.732194
1317398167401679039, -38.951295,194.302826,1.737701
1317398167609956980, -39.096010,195.043365,1.742348
1317398167714113951, -39.245497,195.787487,1.746505
1317398167818280935, -39.559668,197.440147,1.751345
1317398168026654959, -39.729522,198.255775,1.756053
1317398168130856991, -40.042235,199.811455,1.761542
1317398168235049009, -40.219937,200.622147,1.764867
1317398168443480968, -40.384132,201.350939,1.768194
1317398168547693014, -40.566046,202.156532,1.771493
1317398168756175041, -40.913567,203.764194,1.775526
1317398168860429049, -41.081257,204.473784,1.776932
1317398168964680910, -41.428583,206.039769,1.778627
1317398169068926096, -41.591789,206.721244,1.778022
1317398169277375937, -41.768688,207.472275,1.776787
1317398169381572008, -41.925410,208.133625,1.774951
1317398169485781908, -42.242583,209.579132,1.773050
1317398169589972019, -42.385164,210.190332,1.771820
1317398169694153070, -42.537164,210.854448,1.771372
1317398169902540922, -42.671345,211.434782,1.770448
1317398170006742001, -42.813467,212.059706,1.770174
1317398170215344906, -43.062940,213.220693,1.772933
1317398170423696041, -43.192153,213.780684,1.773143
1317398170632324934, -43.430520,214.877446,1.775777
1317398170736675024, -43.652734,215.887281,1.775633
1317398170841044903, -43.846779,216.769155,1.767085
1317398170945442915, -43.937933,217.184680,1.756709
1317398171154310942, -44.012918,217.550482,1.744513
1317398171258765936, -44.089140,217.963777,1.728075
1317398171363234997, -44.228988,218.838144,1.690152
1317398171572288990, -44.269490,219.202673,1.667098
1317398171676832914, -44.303341,219.613585,1.639405
1317398171781383038, -44.351104,220.432168,1.582653
1317398171885934114, -44.342328,220.835387,1.544508
1317398172094938993, -44.316486,221.192664,1.507380
1317398172199435949, -44.272458,221.591457,1.464976
1317398172303908110, -44.163715,222.419502,1.383381
1317398172408377886, -44.073505,222.756538,1.341905
1317398172512839079, -43.958298,223.131821,1.295665
1317398172617260933, -43.836353,223.459273,1.251541
1317398172721663952, -43.685662,223.821523,1.202441
1317398172826047897, -43.530155,224.139775,1.156832
1317398173034817934, -43.358363,224.453699,1.110235
1317398173139194012, -43.148686,224.805962,1.059555
1317398173243510962, -42.703200,225.535882,0.962615
1317398173347821951, -42.456482,225.829653,0.912799
1317398173556452990, -42.162628,226.153159,0.858261
1317398173660774946, -41.574633,226.780654,0.763303
1317398173765053034, -41.217486,227.072642,0.709470
1317398173869308949, -40.872409,227.323478,0.660427
1317398174077769041, -40.466788,227.597082,0.605205
1317398174181910038, -40.074365,227.830620,0.556042
1317398174286017895, -39.174080,228.356042,0.456198
1317398174494024038, -38.721320,228.546058,0.413303
1317398174597984076, -38.198619,228.746851,0.371264
1317398174701958895, -37.119559,229.141858,0.300757
1317398174805948973, -36.012760,229.461836,0.249226
1317398174909940004, -36.045108,229.432657,0.252781
1317398175013880968, -35.418012,229.577816,0.228492
1317398175117815018, -34.835232,229.699422,0.206917
1317398175221766949, -34.173009,229.827267,0.185791
1317398175325711012, -32.892210,230.059564,0.149826
1317398175533545971, -32.923812,230.048524,0.154035
1317398175637417078, -32.202433,230.157614,0.138899
1317398175741292000, -30.752056,230.359801,0.112134
1317398175845202923, -30.060450,230.438671,0.106104
1317398175949091911, -29.357559,230.516641,0.103324
1317398176052964926, -28.565637,230.603812,0.102353
1317398176156886101, -27.835256,230.685500,0.103059
1317398176260812998, -27.013556,230.778552,0.104326
1317398176468694925, -26.260961,230.866575,0.106646
1317398176572613955, -25.498315,230.958498,0.109582
1317398176676548004, -23.825254,231.153571,0.111128
1317398176780524969, -22.970173,231.260384,0.115903
1317398176884490967, -22.201214,231.361697,0.122142
1317398176988481998, -21.431021,231.468452,0.128488
1317398177092494965, -20.578764,231.590998,0.134787
1317398177196513891, -19.809164,231.707875,0.140087
1317398177300554037, -18.954481,231.840860,0.145882
1317398177404603004, -18.183871,231.966416,0.151075
1317398177508662939, -17.409376,232.096410,0.156001
1317398177612725973, -16.549167,232.243411,0.160545
1317398177716824055, -15.769105,232.380976,0.164272
1317398177820935011, -14.901815,232.535418,0.167744
1317398177925033092, -14.121238,232.677597,0.170683
1317398178029176950, -13.339744,232.821611,0.173501
1317398178133316994, -12.472911,232.982126,0.175855
1317398178237442970, -11.689355,233.129308,0.177360
1317398178341609001, -10.818912,233.292578,0.178458
1317398178445765972, -10.033614,233.440853,0.178998
1317398178549913883, -9.248074,233.588988,0.179166
1317398178654100895, -8.377977,233.752001,0.179171
1317398178758316040, -7.595532,233.898620,0.178930
1317398178862519026, -6.729947,234.059528,0.178515
1317398178966692924, -5.951472,234.203781,0.177901
1317398179070875883, -5.090319,234.361879,0.176202
1317398179175059080, -4.314370,234.502755,0.173974
1317398179279253006, -3.541516,234.640796,0.171808
1317398179383438110, -2.688885,234.790459,0.169968
1317398179591695070, -1.920713,234.923660,0.167712
1317398179695864916, -1.071766,235.068441,0.165885
1317398179800023079, 0.509073,235.333929,0.164146
1317398180008352041, 1.336931,235.471655,0.164268
1317398180112536907, 2.079862,235.595357,0.164240
1317398180216727972, 4.520068,236.000272,0.162520
1317398180425110102, 4.444452,235.988171,0.162445
1317398180529303074, 5.257049,236.121613,0.160894
1317398180737643003, 6.863248,236.382446,0.157422
1317398180841804981, 7.581424,236.496287,0.155698
1317398180945957899, 9.952725,236.868338,0.155146
1317398181050112009, 9.874053,236.855984,0.155080
1317398181258435965, 10.664414,236.979607,0.155291
1317398181466792107, 11.373872,237.090868,0.156003
1317398181570981979, 12.929394,237.335865,0.156912
1317398181675164938, 14.467693,237.579705,0.157064
1317398181779316902, 15.149396,237.688193,0.156883
1317398181883483887, 15.908441,237.808859,0.155808
1317398182091850996, 16.590778,237.916671,0.155920
1317398182196007013, 17.346408,238.036173,0.155493
1317398182300179958, 18.767942,238.259893,0.155992
1317398182404371977, 19.501593,238.376433,0.156976
1317398182612694025, 20.164919,238.482877,0.157238
1317398182716898918, 20.899873,238.601081,0.158389
1317398182821116924, 22.360381,238.836326,0.162386
1317398182925333023, 23.005083,238.944292,0.163753
1317398183133747101, 23.650073,239.053254,0.164089
1317398183237956047, 24.364899,239.173961,0.163477
1317398183342139006, 25.789612,239.411163,0.161348
1317398183550493002, 27.127788,239.630876,0.157834
1317398183654639959, 27.051943,239.620411,0.157387
1317398183758749962, 28.448958,239.843726,0.154282
1317398183967044115, 29.134720,239.951767,0.152959
1317398184071202993, 29.747460,240.047513,0.152821
1317398184175360918, 31.099372,240.256896,0.154584
1317398184383721113, 31.696520,240.351130,0.154622
1317398184487932920, 32.360010,240.455559,0.154513
1317398184696393967, 33.684995,240.662564,0.154505
1317398184800625086, 34.936467,240.857677,0.153883
1317398184904854059, 35.586137,240.958250,0.152494
1317398185009098053, 36.171919,241.047598,0.149753
1317398185217616081, 36.823729,241.144642,0.145874
1317398185321897030, 37.411183,241.228984,0.142378
1317398185530427933, 39.372090,241.507514,0.132036
1317398185738965988, 39.316286,241.496561,0.131575
1317398185843220949, 40.663833,241.671047,0.118106
1317398186051702023, 42.043280,241.830006,0.107380
1317398186260168076, 42.755094,241.901383,0.100685
1317398186364398003, 44.124089,242.034072,0.089126
1317398186572776079, 45.601688,242.160114,0.078031
1317398186676959991, 46.368355,242.213765,0.072475
1317398186885312080, 47.922460,242.320550,0.061767
1317398186989459991, 48.651061,242.359615,0.058266
1317398187197762966, 50.287993,242.449769,0.049923
1317398187301873922, 51.058637,242.483328,0.047476
1317398187405985117, 53.647677,242.602236,0.044237
1317398187614208937, 53.595518,242.596525,0.045152
1317398187718293905, 54.516347,242.635689,0.046386
1317398187926455975, 56.358856,242.719696,0.049312
1317398188030519009, 57.227294,242.762088,0.051634
1317398188134581089, 59.141029,242.861411,0.059947
1317398188342705965, 60.040728,242.916883,0.065316
1317398188550905943, 61.050066,242.985133,0.071653
1317398188655028105, 63.050074,243.131389,0.082090
1317398188863284111, 64.978613,243.293186,0.092851
1317398188967427969, 66.019671,243.393633,0.098648
1317398189175688982, 68.068167,243.599773,0.104967
1317398189279834032, 69.013029,243.702693,0.106664
1317398189488092899, 71.071570,243.926253,0.109619
1317398189592230082, 72.013974,244.033101,0.110921
1317398189800496101, 75.094229,244.379219,0.113470
1317398190008800983, 75.023464,244.374307,0.113614
1317398190217071056, 77.076332,244.611712,0.115707
1317398190321203947, 79.122887,244.852964,0.117773
1317398190425337076, 81.154676,245.096978,0.121143
1317398190633604050, 82.073636,245.212796,0.123286
1317398190841829062, 83.093593,245.343381,0.125469
1317398191050065994, 85.102616,245.601216,0.130731
1317398191258387089, 86.990395,245.854088,0.134541
1317398191362544060, 88.961077,246.125431,0.136950
1317398191570837021, 90.910291,246.398433,0.136530
1317398191674972057, 91.881029,246.535739,0.134969
1317398191779140949, 93.714383,246.788154,0.133761
1317398191987466097, 94.673670,246.920267,0.132429
1317398192091615915, 95.540593,247.038363,0.130120
1317398192299932957, 97.451349,247.290378,0.125452
1317398192404090881, 98.310735,247.399878,0.121770
1317398192612402916, 100.205541,247.632133,0.113165
1317398192716562986, 101.153380,247.739084,0.107332
1317398192820754051, 103.046953,247.941489,0.097573
1317398193029119968, 103.898720,248.022110,0.092535
1317398193133325100, 104.757099,248.098321,0.086441
1317398193341690063, 106.657551,248.258856,0.072005
1317398193445885897, 107.612957,248.322181,0.062327
1317398193550101995, 109.423410,248.428803,0.043769
1317398193758522987, 110.381220,248.462836,0.033454
1317398193862732887, 111.250143,248.483384,0.023797
1317398193966933012, 113.168687,248.520174,0.004891
1317398194175318003, 114.133349,248.514844,-0.005463
1317398194279499054, 115.008505,248.499835,-0.015437
1317398194383647919, 116.943226,248.460013,-0.036858
1317398194487759113, 117.818074,248.417153,-0.046248
1317398194695887089, 118.794089,248.362082,-0.054949
1317398194799897909, 120.651430,248.250931,-0.064562
1317398194903888941, 121.633537,248.179447,-0.066111
1317398195111834049, 122.520863,248.114396,-0.065252
1317398195215826988, 123.505795,248.045543,-0.061758
1317398195319840908, 125.355741,247.928390,-0.051171
1317398195527872086, 126.332009,247.877728,-0.042089
1317398195735902071, 127.215683,247.841578,-0.034419
1317398195839937925, 129.149838,247.777359,-0.021876
1317398196048079014, 131.066191,247.739184,-0.008678
1317398196256377935, 131.927341,247.736616,-0.001479
1317398196360555887, 133.830654,247.738904,0.013847
1317398196568943977, 135.714249,247.770804,0.027344
1317398196777344942, 136.548469,247.799902,0.031742
1317398196985739946, 138.385428,247.864067,0.035341
1317398197089935064, 141.024315,247.962692,0.037909
1317398197298362017, 141.853279,247.999028,0.038726
1317398197402573109, 142.595393,248.032155,0.039544
1317398197611030102, 144.258289,248.101805,0.039789
1317398197819493055, 145.075348,248.137762,0.039897
1317398197923707008, 146.644745,248.203547,0.038201
1317398198132101059, 148.286288,248.269244,0.035101
1317398198340466976, 149.086709,248.300153,0.033636
1317398198548768044, 150.706681,248.357678,0.031238
1317398198757055044, 152.225774,248.408437,0.034098
1317398198965321064, 153.813551,248.466743,0.041209
1317398199173687935, 155.378978,248.536790,0.050303
1317398199382031918, 156.927771,248.621882,0.057150
1317398199486213923, 158.459666,248.717988,0.062588
1317398199694603920, 159.981575,248.823023,0.065668
1317398199903054953, 160.626736,248.876037,0.065475
1317398200111470938, 162.116193,248.984688,0.064353
1317398200215708971, 163.545626,249.088086,0.061905
1317398200424134970, 164.826657,249.179007,0.059281
1317398200632565975, 165.428364,249.226528,0.056257
1317398200841021061, 166.641242,249.306873,0.053314
1317398201049554110, 167.751263,249.378456,0.051195
1317398201258172035, 168.707502,249.440108,0.049623
1317398201466828108, 169.642074,249.499572,0.046153
1317398201675487995, 170.534003,249.553832,0.036882
1317398201988373995, 171.405524,249.598151,0.023241
1317398202196921110, 172.238809,249.628275,0.008684
1317398202301184893, 173.415950,249.647875,-0.010510
1317398202509768963, 174.062976,249.648476,-0.023648
1317398202718349934, 174.283939,249.649885,-0.032109
1317398202822628975, 174.904811,249.636563,-0.045240
1317398203031236887, 175.517643,249.614782,-0.061338
1317398203239834070, 175.772912,249.604133,-0.071838
1317398203448517084, 176.341767,249.568055,-0.088922
1317398203761517048, 176.944436,249.518153,-0.110788
1317398203970174074, 177.562816,249.451707,-0.140353
1317398204178793907, 178.564214,249.310130,-0.190451
1317398204491833925, 179.226645,249.177544,-0.230530
1317398204700536013, 179.914201,249.008169,-0.276169
1317398204909223080, 181.089275,248.663541,-0.356478
1317398205117885113, 181.817187,248.373308,-0.416289
1317398205326461077, 182.613522,247.997700,-0.484656
1317398205430763960, 183.427611,247.540455,-0.557161
1317398205639298916, 184.245247,246.997269,-0.632557
1317398205847851992, 184.578811,246.713484,-0.671201
1317398205952115059, 185.390349,246.030008,-0.749244
1317398206160602093, 186.179414,245.251676,-0.827921
1317398206369086981, 186.531651,244.817808,-0.869508
1317398206473340988, 187.230135,243.941215,-0.940744
1317398206681854010, 187.924154,242.934823,-1.011270
1317398206786099911, 188.226973,242.390549,-1.048723
1317398206994621992, 188.847519,241.253109,-1.121989
1317398207203125954, 189.079184,240.704906,-1.156920
1317398207307379007, 189.602656,239.449046,-1.233355
1317398207515795946, 190.039692,238.127150,-1.310604
1317398207724039078, 190.364334,236.812578,-1.383455
1317398207932225943, 190.477110,236.095150,-1.421365
1317398208036267042, 190.678055,234.636336,-1.485612
1317398208244798899, 190.789973,233.135221,-1.540959
1317398208452410936, 190.796962,232.444002,-1.561760
1317398208660522938, 190.801997,230.894493,-1.602520
1317398208764595032, 190.745925,229.323334,-1.637396
1317398208972728014, 190.641078,227.805495,-1.671187
1317398209180818081, 190.558411,226.997236,-1.686646
1317398209388869047, 190.370178,225.360651,-1.717649
1317398209492903948, 190.142151,223.793523,-1.738965
1317398209701006889, 189.864930,222.126476,-1.756139
1317398209805104971, 189.716010,221.289749,-1.758453
1317398210013259888, 189.422079,219.683567,-1.764649
1317398210221355915, 189.269961,218.840024,-1.764350
1317398210325381994, 188.952250,217.136593,-1.766115
1317398210533404112, 188.650038,215.517606,-1.762525
1317398210741457939, 188.506507,214.673063,-1.757055
1317398210845516920, 188.208005,212.970407,-1.746055
1317398211053644896, 187.948284,211.366192,-1.732163
1317398211261831045, 187.840155,210.539318,-1.724086
1317398211365938902, 187.608990,208.866494,-1.710216
1317398211574232101, 187.407395,207.227867,-1.698055
1317398211782680035, 187.347091,206.528470,-1.693484
1317398211886909962, 187.183298,204.968101,-1.686361
1317398212095422029, 187.039584,203.487746,-1.685430
1317398212199675083, 186.996368,202.878107,-1.687928
1317398212408221006, 186.859553,201.501803,-1.691958
1317398212512500048, 186.805971,200.871222,-1.697460
1317398212721131086, 186.672352,199.658595,-1.707768
1317398212825484037, 186.609836,199.075453,-1.716554
1317398213034214973, 186.450425,197.887257,-1.733889
1317398213138628006, 186.382128,197.404490,-1.746774
1317398213347558975, 186.188052,196.268355,-1.776437
1317398213452056885, 186.094500,195.807047,-1.797858
1317398213661111116, 185.715392,194.171131,-1.871742
1317398213870189905, 185.741974,194.293880,-1.877029
1317398213974756002, 185.412030,193.288109,-1.949099
1317398214183829069, 185.010597,192.330151,-2.037098
1317398214392790079, 184.767484,191.909823,-2.088511
1317398214601627111, 184.233637,191.036288,-2.188584
1317398214705979109, 183.614613,190.233007,-2.296026
1317398215018953085, 182.947892,189.550407,-2.400136
1317398215227550983, 182.558292,189.262976,-2.456929
1317398215331800938, 181.332041,188.325886,-2.614022
1317398215540143967, 180.398770,187.846379,-2.716661
1317398215748251915, 179.894784,187.678658,-2.767547
1317398215956145048, 178.899753,187.341095,-2.852839
1317398216060080051, 177.785989,187.057806,-2.925737
1317398216267882109, 176.612816,186.842590,-2.981211
1317398216371778965, 175.998772,186.779303,-3.002741
1317398216579687119, 174.801056,186.640764,-3.035819
1317398216787663937, 174.143299,186.593917,-3.046808
1317398216891632080, 172.861792,186.488732,-3.065588
1317398217099562883, 171.460210,186.393609,-3.084102
1317398217203537941, 170.731168,186.358644,-3.088712
1317398217411535025, 169.318782,186.286010,-3.094797
1317398217619668007, 168.550098,186.247833,-3.091228
1317398217723784924, 166.985129,186.162840,-3.084577
1317398217932035923, 165.451246,186.066120,-3.078219
1317398218140312910, 164.618603,186.001538,-3.072859
1317398218348695993, 162.929202,185.871600,-3.070193
1317398218452855110, 161.280586,185.738932,-3.068277
1317398218661290884, 159.501669,185.593106,-3.067017
1317398218765507936, 158.587032,185.509391,-3.064872
1317398218973849058, 156.830559,185.359057,-3.066376
1317398219078008890, 155.882053,185.272826,-3.066539
1317398219182166100, 153.972901,185.114995,-3.069390
1317398219390460014, 153.092115,185.037723,-3.067675
1317398219494609118, 152.107495,184.951640,-3.065412
1317398219702925920, 150.238771,184.796428,-3.062021
1317398219911195040, 149.239359,184.704782,-3.059296
1317398220015353918, 147.257907,184.530276,-3.056297
1317398220223637104, 145.378865,184.359569,-3.053705
1317398220431940079, 144.383496,184.262757,-3.052406
1317398220640234947, 142.408868,184.078222,-3.051006
1317398220848514080, 140.440507,183.892484,-3.052023
1317398221056811094, 138.581889,183.719855,-3.053023
1317398221265104055, 136.638050,183.542730,-3.053494
1317398221473418951, 134.706268,183.368701,-3.054399
1317398221681778908, 132.787629,183.198664,-3.055156
1317398221890173912, 130.876999,183.031765,-3.054663
1317398222098627090, 128.972690,182.865186,-3.054367
1317398222307125092, 127.164585,182.707083,-3.054742
1317398222515580893, 125.257850,182.541693,-3.055143
1317398222724067926, 122.379498,182.293281,-3.061554
1317398222932526112, 121.425347,182.218650,-3.063595
1317398223036756992, 119.492369,182.069618,-3.067500
1317398223245188951, 117.548457,181.927397,-3.069758
1317398223453579903, 116.670734,181.866060,-3.070036
1317398223661873102, 114.700198,181.726048,-3.069600
1317398223870162010, 112.714796,181.583476,-3.066739
1317398224078427076, 110.707525,181.432717,-3.061184
1317398224286709070, 108.784011,181.276553,-3.051575
1317398224495095968, 106.735323,181.089443,-3.040862
1317398224703515053, 104.669424,180.877700,-3.031224
1317398224911936045, 102.581998,180.643091,-3.024275
1317398225120347977, 100.473489,180.391253,-3.020850
1317398225328710079, 98.344282,180.129874,-3.019235
1317398225537101984, 96.296775,179.875438,-3.019019
1317398225849611044, 94.137773,179.607419,-3.018591
1317398226057950974, 90.868621,179.201778,-3.018581
1317398226266271114, 88.693037,178.931861,-3.020067
1317398226474595070, 86.512304,178.665175,-3.021809
1317398226682900906, 84.336550,178.403484,-3.023214
1317398226995358944, 82.159080,178.145140,-3.024816
1317398227203676939, 79.985486,177.891131,-3.025536
1317398227412008047, 76.725575,177.512272,-3.024723
1317398227620390892, 74.562177,177.259552,-3.024349
1317398227933001041, 72.398007,177.006163,-3.024720
1317398228245565891, 70.338578,176.766388,-3.028396
1317398228558033943, 66.971790,176.386558,-3.038076
1317398228870441914, 63.700709,176.050950,-3.048312
1317398229182777882, 60.421513,175.749421,-3.057856
1317398229599168062, 57.133165,175.479238,-3.063323
1317398229911493063, 53.718735,175.216982,-3.063105
1317398230327925920, 49.276836,174.871972,-3.057006
1317398230640333891, 45.828162,174.581989,-3.046229
1317398230952656031, 41.322009,174.151187,-3.031395
1317398231369038105, 37.934821,173.773864,-3.022858
1317398231681446075, 34.402619,173.348731,-3.015172
1317398231993880987, 29.789688,172.757899,-3.005061
1317398232306288004, 26.254261,172.266403,-2.996916
1317398232514592886, 22.861612,171.765560,-2.992178
1317398232826973915, 19.495022,171.252105,-2.988967
1317398233139413118, 17.313680,170.909992,-2.987069
1317398233451781988, 12.851973,170.208773,-2.983468
1317398233660027981, 10.725874,169.863124,-2.982086
1317398233868278980, 7.408150,169.323020,-2.980098
1317398234076522112, 5.484281,169.003266,-2.980131
1317398234284849882, 3.501063,168.674532,-2.980054
1317398234597369909, 1.575153,168.355635,-2.978854
1317398234909920931, -0.286516,168.045354,-2.978234
1317398235118393898, -3.042819,167.587364,-2.975536
1317398235326937914, -5.647305,167.147870,-2.976208
1317398235639893055, -7.252101,166.878769,-2.982959
1317398235952914000, -8.801109,166.633103,-2.995849
1317398236161458969, -11.841381,166.193286,-3.026088
1317398236474167109, -14.174811,165.936598,-3.049679
1317398236786654949, -14.768350,165.900645,-3.058735
1317398237098977089, -16.958833,165.737197,-3.081248
1317398237203088999, -19.017579,165.633176,-3.102932
1317398237411351919, -20.933839,165.580659,-3.123796
1317398237619656086, -21.211927,165.598318,-3.120303
1317398237828010082, -22.275754,165.593941,-3.110219
1317398238036406994, -23.210089,165.577790,-3.100049
1317398238244822025, -24.118254,165.548731,-3.088997
1317398238557482004, -24.935973,165.510384,-3.078968
1317398238870172977, -25.657264,165.466604,-3.069236
1317398239182899952, -26.627887,165.395168,-3.058112
1317398239495660067, -27.406114,165.326565,-3.048811
1317398239808437109, -28.087733,165.257949,-3.041000
1317398240016925097, -28.691198,165.190662,-3.033852
1317398240225373030, -29.286932,165.119008,-3.026381
1317398240433795929, -29.890578,165.041132,-3.019103
1317398240642194033, -30.028695,165.015474,-3.015476
1317398240850611925, -30.415787,164.957804,-3.009438
1317398241058970928, -30.835507,164.893513,-3.002527
1317398241267395973, -31.300692,164.820150,-2.995548
1317398241475857973, -31.876615,164.727498,-2.987438
1317398241788558960, -32.533184,164.617989,-2.979569
1317398241997057915, -33.280660,164.489044,-2.974257
1317398242309798956, -34.588122,164.262416,-2.975860
1317398242622454882, -35.576272,164.092648,-2.977481
1317398242935036898, -37.206931,163.818922,-2.979766
1317398243247677088, -39.065482,163.512417,-2.978529
1317398243456155062, -41.044241,163.183837,-2.972022
1317398243768873930, -43.173652,162.816261,-2.963880
1317398244185786963, -44.682939,162.542337,-2.962216
1317398244498428106, -47.073782,162.106493,-2.959166
1317398244811109066, -50.542665,161.464819,-2.955222
1317398245123872042, -53.216079,160.959450,-2.953347
1317398245332384109, -56.077975,160.413543,-2.954712
1317398245540822029, -58.943533,159.871760,-2.959913
1317398245749243975, -60.896089,159.514047,-2.963905
1317398245853432894, -62.780699,159.177106,-2.966654
1317398246061760902, -64.788358,158.823958,-2.967449
1317398246165951967, -65.804614,158.646863,-2.967357
1317398246374258995, -67.856646,158.287332,-2.965851
1317398246582628012, -68.791790,158.122722,-2.965334
1317398246686785936, -70.878724,157.752448,-2.964031
1317398246895087004, -72.982008,157.376307,-2.963078
1317398246999219894, -73.941683,157.204294,-2.963204
1317398247207525015, -76.066431,156.822209,-2.963800
1317398247311674118, -77.038026,156.648624,-2.963733
1317398247624078035, -79.170426,156.266285,-2.963521
1317398247832400084, -80.251913,156.072630,-2.963653
1317398248040735006, -83.437956,155.500722,-2.962645
1317398248249100924, -85.564948,155.117198,-2.961896
1317398248561659098, -87.580349,154.752437,-2.961541
1317398248769956112, -89.704208,154.367380,-2.962621
1317398248978302956, -92.997606,153.773161,-2.962325
1317398249186702967, -95.011835,153.409613,-2.960644
1317398249395077944, -97.136684,153.022038,-2.957960
1317398249603478909, -99.265872,152.627296,-2.955487
1317398249916002989, -101.394882,152.226833,-2.953533
1317398250124305964, -103.528058,151.821076,-2.951875
1317398250228473902, -106.729899,151.206128,-2.949090
1317398250436748981, -108.857887,150.790961,-2.946163
1317398250749264002, -109.815683,150.600688,-2.943986
1317398250957580090, -111.958633,150.170787,-2.938549
1317398251165896893, -115.170123,149.508227,-2.930173
1317398251374201059, -117.297416,149.049503,-2.925268
1317398251478327036, -119.427288,148.579082,-2.920513
1317398251686602116, -121.555750,148.098206,-2.915858
1317398251790735006, -122.504554,147.877663,-2.913244
1317398251894861937, -125.713893,147.129323,-2.905640
1317398252103116989, -125.601478,147.153494,-2.905584
1317398252207240105, -126.681054,146.891699,-2.902730
1317398252311351061, -128.835282,146.365245,-2.897715
1317398252519561052, -129.809692,146.120915,-2.895525
1317398252623698950, -130.899436,145.845673,-2.892984
1317398252831892967, -132.955427,145.322544,-2.887911
1317398252936038971, -134.047117,145.038299,-2.885619
1317398253040160894, -136.212614,144.470657,-2.882045
1317398253248397112, -137.196639,144.208540,-2.880672
1317398253352566957, -138.187267,143.943468,-2.878853
1317398253456724882, -140.363768,143.357628,-2.875620
1317398253665043116, -141.457608,143.059215,-2.874641
1317398253769201994, -143.534876,142.490987,-2.872285
1317398253977565050, -144.639879,142.186000,-2.871168
1317398254081727028, -145.641151,141.908671,-2.870263
1317398254185859919, -147.831948,141.299521,-2.869039
1317398254394162893, -148.942625,140.989323,-2.869207
1317398254498312950, -149.944532,140.709780,-2.869564
1317398254602438927, -152.144062,140.096541,-2.870040
1317398254706574917, -153.149768,139.816846,-2.870825
1317398254810717106, -154.270791,139.506012,-2.871257
1317398254914822102, -156.386553,138.919994,-2.870537
1317398255018934965, -156.316449,138.939604,-2.870754
1317398255123050928, -157.459890,138.622200,-2.870543
1317398255227160931, -158.495338,138.334479,-2.869983
1317398255331281900, -159.644798,138.014371,-2.869490
1317398255435394049, -160.682404,137.724910,-2.869245
1317398255539505959, -161.834154,137.403333,-2.869150
1317398255643601894, -162.876621,137.112277,-2.869224
1317398255747709036, -163.920578,136.821003,-2.869368
1317398255851820946, -165.077650,136.498413,-2.869555
1317398255955914974, -166.126435,136.206315,-2.869956
1317398256164122105, -167.284841,135.884197,-2.870592
1317398256268205881, -168.335860,135.592729,-2.870875
1317398256372329950, -170.599290,134.965138,-2.870481
1317398256476450920, -171.639374,134.676668,-2.870577
1317398256580539942, -172.792194,134.357000,-2.870860
1317398256684627056, -174.945721,133.759986,-2.870730
1317398256788737059, -174.885306,133.777410,-2.870807
1317398256892842054, -176.044174,133.456330,-2.870075
1317398256996952057, -177.092487,133.165016,-2.869412
1317398257101058006, -178.250087,132.842360,-2.868842
1317398257205180883, -179.295431,132.550353,-2.868617
1317398257309313059, -180.450738,132.227327,-2.868473
1317398257413424969, -181.492934,131.935792,-2.868406
1317398257517539024, -182.535840,131.643932,-2.868176
1317398257621650934, -183.685192,131.321903,-2.868131
1317398257725761890, -184.719478,131.032113,-2.868132
1317398257829902887, -185.858475,130.713049,-2.868924
1317398257934034109, -186.884773,130.426660,-2.869800
1317398258038151026, -187.910625,130.141517,-2.869980
1317398258142261028, -189.044365,129.826590,-2.869975
1317398258350497007, -190.064991,129.543263,-2.870278
1317398258454586983, -191.191638,129.230855,-2.869794
1317398258558676958, -193.258234,128.655802,-2.870280
1317398258662772894, -194.352963,128.352206,-2.870194
1317398258766882896, -195.343694,128.077379,-2.868289
1317398258975086927, -196.435352,127.771895,-2.866032
1317398259079202890, -197.417975,127.494229,-2.865278
1317398259183314085, -199.521585,126.897739,-2.865843
1317398259287426949, -200.468762,126.629754,-2.866043
1317398259391558886, -201.507046,126.336272,-2.865847
1317398259495702982, -202.441000,126.072167,-2.865054
1317398259599826097, -203.473397,125.779362,-2.864630
1317398259703912973, -204.401862,125.515713,-2.863768
1317398259808016062, -205.325667,125.252649,-2.863172
1317398259912152052, -206.337925,124.963789,-2.862266
1317398260016293049, -207.246669,124.703627,-2.860947
1317398260120436907, -208.248447,124.415291,-2.860341
1317398260224596024, -209.145845,124.156420,-2.859873
1317398260328772068, -210.041428,123.897583,-2.859970
1317398260432900906, -211.021493,123.614326,-2.860300
1317398260536993980, -211.905275,123.359214,-2.861305
1317398260641108036, -212.877404,123.079578,-2.863023
1317398260745220900, -213.748612,122.830626,-2.864157
1317398260849298000, -214.708227,122.557536,-2.865001
1317398260953394890, -215.569167,122.313237,-2.864885
1317398261057504892, -216.425583,122.069832,-2.863921
1317398261161569118, -217.365389,121.801356,-2.862585
1317398261265633106, -218.208451,121.558815,-2.861164
1317398261369708061, -219.131989,121.291475,-2.858363
1317398261473778009, -219.962182,121.048089,-2.854854
1317398261577867031, -220.788456,120.802318,-2.850969
1317398261681955099, -221.700310,120.526967,-2.846731
1317398261786026955, -222.518809,120.275176,-2.842708
1317398261890104055, -223.418356,119.994351,-2.836969
1317398261994215012, -225.101091,119.461008,-2.826489
1317398262098325968, -225.031768,119.478497,-2.826591
1317398262202435970, -225.920795,119.183752,-2.819735
1317398262306569099, -226.718635,118.912255,-2.813828
1317398262410732031, -227.591827,118.609641,-2.806895
1317398262514939070, -228.372673,118.332063,-2.800437
1317398262619190931, -229.229242,118.021713,-2.793832
1317398262723445892, -229.994170,117.738115,-2.788810
1317398262827718019, -230.754081,117.452207,-2.785414
1317398262932025909, -231.588570,117.136073,-2.783326
1317398263036324024, -232.336932,116.850743,-2.783053
1317398263140609980, -233.161385,116.537366,-2.784433
1317398263244864941, -234.711141,115.955443,-2.786825
1317398263349142075, -234.639072,115.979357,-2.787908
1317398263453468084, -235.455100,115.676045,-2.790429
1317398263557806969, -236.182991,115.408311,-2.793144
1317398263662182093, -236.978251,115.119417,-2.797493
1317398263766556978, -237.684058,114.867823,-2.803270
1317398263870893002, -238.455650,114.599031,-2.813315
1317398263975230932, -239.140842,114.369982,-2.825904
1317398264079525948, -239.894656,114.129767,-2.840330
1317398264183795929, -240.566446,113.928696,-2.853633
1317398264288096905, -241.233074,113.740300,-2.865954
1317398264392409086, -241.962958,113.544108,-2.879685
1317398264496712923, -242.612680,113.381481,-2.892100
1317398264600990057, -243.325574,113.212495,-2.905707
1317398264705280066, -243.958342,113.074136,-2.919691
1317398264913789988, -244.653218,112.932160,-2.934799
1317398265018055916, -245.269154,112.818786,-2.948427
1317398265122288942, -246.620735,112.570860,-2.977043
1317398265226495981, -247.206253,112.491873,-2.990171
1317398265330725908, -247.847316,112.412607,-3.004605
1317398265434943914, -248.410045,112.353923,-3.017671
1317398265539163113, -249.026546,112.296105,-3.030748
1317398265643381119, -249.569158,112.254618,-3.042746
1317398265747575998, -250.102808,112.220351,-3.054411
1317398265851751089, -250.689297,112.187363,-3.065697
1317398265955883026, -251.204358,112.165919,-3.075885
1317398266059990883, -251.768875,112.145801,-3.086163
1317398266164052963, -252.263267,112.134637,-3.093473
1317398266268091917, -252.748809,112.126447,-3.098607
1317398266372154951, -253.276767,112.117585,-3.101524
1317398266580204964, -253.738873,112.111343,-3.100968
1317398266684195042, -254.244186,112.101273,-3.097918
1317398266788162947, -255.195101,112.068136,-3.089977
1317398266892131090, -255.659090,112.050122,-3.080258
1317398266996098042, -256.062082,112.028787,-3.068055
1317398267100063086, -256.497693,111.997495,-3.051860
1317398267204030037, -257.315027,111.922109,-3.016397
1317398267307990074, -257.236310,111.926288,-3.012691
1317398267411931992, -257.630621,111.868372,-2.988114
1317398267515857935, -257.969954,111.806537,-2.963894
1317398267619802952, -258.336646,111.728927,-2.934413
1317398267827691078, -258.649379,111.648860,-2.904263
1317398267931653976, -258.950570,111.559298,-2.871239
1317398268035645008, -259.630878,111.352358,-2.800042
1317398268139683962, -259.932634,111.222044,-2.758325
1317398268243746996, -260.191507,111.092639,-2.719231
1317398268347803116, -260.443824,110.952620,-2.681006
1317398268451869011, -260.720680,110.787246,-2.639494
1317398268555954933, -260.958101,110.627300,-2.602322
1317398268660079956, -261.216891,110.441845,-2.561983
1317398268764246941, -261.438412,110.265112,-2.525823
1317398268868407011, -261.650565,110.082716,-2.490050
1317398268972556114, -261.881018,109.874319,-2.451932
1317398269076736927, -262.078042,109.678618,-2.418276
1317398269285716057, -262.293469,109.455012,-2.382310
1317398269389389038, -262.475312,109.248597,-2.351043
1317398269493669033, -262.900220,108.786023,-2.287555
1317398269597963095, -263.061083,108.564780,-2.259137
1317398269702274084, -263.241488,108.309783,-2.231541
1317398269806602955, -263.398534,108.073050,-2.210014
1317398269910953045, -263.572051,107.806521,-2.188545
1317398270119545937, -263.722346,107.563233,-2.168001
1317398270223802090, -263.889147,107.287257,-2.148134
1317398270328044891, -264.220648,106.748310,-2.115836
1317398270536433935, -264.376186,106.460210,-2.096775
1317398270640592098, -264.512628,106.193470,-2.079693
1317398270744728088, -265.014941,105.261193,-2.022169
1317398270848862886, -264.979439,105.295044,-2.022639
1317398270953022957, -265.121599,104.965209,-1.997913
1317398271057151079, -265.242692,104.659790,-1.973353
1317398271161263943, -265.372782,104.312282,-1.945544
1317398271265371084, -265.482572,103.987574,-1.920093
1317398271369462013, -265.600057,103.616051,-1.891333
1317398271473558903, -265.697485,103.268829,-1.863617
1317398271681737900, -265.788084,102.909152,-1.834514
1317398271785834074, -265.882110,102.494883,-1.802071
1317398271889996052, -266.067194,101.635043,-1.736294
1317398271994203091, -266.197723,100.747188,-1.672671
1317398272098455906, -266.177517,100.772581,-1.674604
1317398272202771902, -266.215494,100.259346,-1.643710
1317398272307122946, -266.236976,99.773323,-1.618774
1317398272411957026, -266.251582,99.214844,-1.594653
1317398272516282082, -266.253908,98.685409,-1.579041
1317398272620054007, -266.250433,98.074842,-1.568095
1317398272724261045, -266.240222,96.878667,-1.549283
1317398272828469038, -266.234701,96.893407,-1.551913
1317398272932676077, -266.217125,96.203766,-1.539731
1317398273036883116, -266.193372,95.553904,-1.527286
1317398273141088009, -266.158350,94.809601,-1.513069
1317398273245326996, -266.116053,94.109160,-1.500423
1317398273349608898, -266.058514,93.306900,-1.486410
1317398273453912973, -265.994839,92.556905,-1.473909
1317398273558237076, -265.920059,91.781735,-1.462710
1317398273662564993, -265.826466,90.906471,-1.451971
1317398273871217966, -265.730747,90.085551,-1.443855
1317398273975519896, -265.615866,89.159915,-1.437775
1317398274079822063, -265.372754,87.312883,-1.428882
1317398274184124947, -265.248811,86.412769,-1.428002
1317398274288394928, -265.121759,85.491941,-1.427865
1317398274392651081, -264.978262,84.453829,-1.428061
1317398274496906042, -264.845960,83.489442,-1.428594
1317398274601169109, -264.696896,82.402534,-1.428864
1317398274705423117, -264.559360,81.393816,-1.429149
1317398274913913965, -264.404068,80.258618,-1.428976
1317398275018112898, -264.260580,79.208306,-1.428907
1317398275122323036, -263.939264,76.914548,-1.426657
1317398275226505041, -263.785302,75.811324,-1.426420
1317398275330692053, -263.610900,74.570810,-1.426056
1317398275434874058, -263.451674,73.439437,-1.425848
1317398275539041996, -263.273295,72.181233,-1.425079
1317398275643224955, -263.111074,71.043175,-1.424222
1317398275747419119, -262.947627,69.907250,-1.422813
1317398275851629019, -262.764906,68.656523,-1.421305
1317398276059990883, -262.597755,67.525395,-1.419535
1317398276268356085, -262.410669,66.279809,-1.417186
1317398276372554064, -262.056210,63.975386,-1.412885
1317398276476735115, -261.674763,61.568495,-1.408268
1317398276580929995, -261.475241,60.343985,-1.405800
1317398276685138941, -261.291893,59.237563,-1.403475
1317398276789309978, -261.085475,58.011812,-1.401762
1317398276893488884, -260.897543,56.908028,-1.400177
1317398277101854086, -260.708028,55.806563,-1.398738
1317398277206010103, -260.496687,54.589290,-1.397455
1317398277310147047, -260.080677,52.212712,-1.396174
1317398277414293051, -259.684464,49.966629,-1.394804
1317398277518426895, -259.698018,50.043436,-1.394982
1317398277622561932, -259.483983,48.839398,-1.394091
1317398277726672888, -259.289753,47.753143,-1.393299
1317398277830777884, -259.073828,46.551578,-1.392239
1317398278038981915, -258.878642,45.472938,-1.391176
1317398278143099070, -258.661280,44.279105,-1.389347
1317398278247222900, -258.254037,42.063112,-1.386025
1317398278351340055, -258.033081,40.885602,-1.384363
1317398278455452919, -257.832827,39.828747,-1.382819
1317398278663721085, -257.609451,38.659156,-1.381658
1317398278767828941, -257.406774,37.604390,-1.381373
1317398278976136923, -256.967371,35.315236,-1.380810
1317398279080346107, -256.767577,34.277836,-1.380703
1317398279184551954, -256.116696,30.894995,-1.384595
1317398279288739920, -256.134274,30.984906,-1.384935
1317398279392904043, -255.920487,29.843717,-1.389188
1317398279497061014, -255.732398,28.813014,-1.393739
1317398279705728054, -255.529987,27.673500,-1.398450
1317398279809886932, -255.352836,26.646447,-1.401980
1317398279913683891, -254.785119,23.305955,-1.409915
1317398280017827988, -254.800656,23.388760,-1.410044
1317398280226095915, -254.618296,22.252749,-1.412187
1317398280330208063, -254.456118,21.227380,-1.414233
1317398280434309006, -253.932199,17.897384,-1.415901
1317398280538456917, -253.945969,17.975314,-1.415847
1317398280746773005, -253.769431,16.836695,-1.415366
1317398280850958109, -253.609121,15.807204,-1.415307
1317398280955132008, -253.259819,13.573773,-1.415308
1317398281059264898, -253.083504,12.444885,-1.416098
1317398281267540932, -252.925635,11.429139,-1.416687
1317398281371673107, -252.768207,10.413360,-1.416709
1317398281475800991, -252.426688,8.213618,-1.415157
1317398281579947948, -252.252587,7.105306,-1.413690
1317398281788266897, -251.921898,5.020668,-1.410195
1317398281892445087, -251.933295,5.095912,-1.410037
1317398281996625900, -251.579197,2.917044,-1.406075
1317398282100786924, -251.395636,1.818831,-1.403954
1317398282204969883, -251.227995,0.829155,-1.401962
1317398282413306952, -251.040125,-0.267849,-1.399845
1317398282517488956, -250.869333,-1.252956,-1.398144
1317398282621670008, -250.495167,-3.396284,-1.395423
1317398282725855112, -250.322961,-4.367476,-1.394443
1317398282934247971, -250.131354,-5.444561,-1.393584
1317398283038470984, -249.770142,-7.465997,-1.393436
1317398283142710924, -249.580060,-8.534213,-1.393907
1317398283246989012, -249.409757,-9.498382,-1.394122
1317398283351260900, -249.221375,-10.568461,-1.395191
1317398283559756041, -249.054136,-11.529891,-1.396942
1317398283664084911, -248.870936,-12.595987,-1.399779
1317398283872412920, -248.531900,-14.585966,-1.405155
1317398283976604939, -248.361904,-15.635433,-1.407560
1317398284080760956, -248.026882,-17.704975,-1.411559
1317398284184911013, -247.882968,-18.640765,-1.412297
1317398284289068937, -247.723539,-19.679308,-1.412764
1317398284393225908, -247.581798,-20.610774,-1.412949
1317398284497395992, -247.440298,-21.542727,-1.412894
1317398284601530075, -247.282966,-22.573790,-1.412424
1317398284705605984, -247.141556,-23.501192,-1.412003
1317398284809670925, -246.983710,-24.527792,-1.411219
1317398284913746119, -246.679976,-26.453716,-1.408722
1317398285017760038, -246.697513,-26.381691,-1.406729
1317398285121750116, -246.532928,-27.407779,-1.401960
1317398285225764036, -246.380171,-28.330674,-1.395447
1317398285329742908, -246.203296,-29.349808,-1.386243
1317398285537759066, -245.852150,-31.245610,-1.367070
1317398285641777039, -245.866237,-31.183817,-1.364704
1317398285745768070, -245.453764,-33.161912,-1.341731
1317398285849756956, -245.221363,-34.155668,-1.327912
1317398285953737974, -244.761117,-36.006147,-1.303759
1317398286161679983, -244.774410,-35.945262,-1.301400
1317398286265638113, -244.499522,-36.928349,-1.286300
1317398286473615885, -243.935997,-38.840027,-1.254653
1317398286577606916, -243.343019,-40.632266,-1.217774
1317398286681611061, -242.987731,-41.571957,-1.194811
1317398286785607100, -242.644673,-42.415068,-1.173693
1317398286889596939, -242.245820,-43.339553,-1.150420
1317398286993587017, -241.461744,-45.066332,-1.108628
1317398287097599030, -241.475180,-45.010545,-1.107565
1317398287306185961, -241.005433,-45.923995,-1.083134
1317398287410233021, -240.557012,-46.742732,-1.060618
1317398287513654947, -239.071516,-49.371349,-0.990724
1317398287617695093, -239.088573,-49.317379,-0.990781
1317398287721735001, -238.501887,-50.187975,-0.966109
1317398287825742006, -237.947428,-50.967014,-0.943808
1317398288033853054, -237.316002,-51.816688,-0.919127
1317398288137938976, -236.102096,-53.387519,-0.873716
1317398288242038965, -235.402240,-54.203584,-0.849445
1317398288346162081, -234.746005,-54.931969,-0.828608
1317398288450297117, -234.001613,-55.727838,-0.807577
1317398288658648968, -233.307334,-56.439867,-0.789086
1317398288762904882, -232.524489,-57.216826,-0.769079
1317398288971447945, -231.036572,-58.647343,-0.734798
1317398289075731039, -230.205124,-59.389872,-0.721026
1317398289284238100, -228.547950,-60.839861,-0.701234
1317398289388468027, -226.923790,-62.206164,-0.691788
1317398289492702961, -226.039746,-62.934934,-0.690273
1317398289596925020, -225.236150,-63.597067,-0.690431
1317398289701124907, -224.341541,-64.336472,-0.691063
1317398289805341959, -223.529082,-65.010539,-0.692344
1317398289909548044, -222.629049,-65.760538,-0.693870
1317398290117954016, -221.813624,-66.443861,-0.696202
1317398290222161055, -220.910851,-67.204742,-0.699240
1317398290326369047, -219.228562,-68.626874,-0.705599
1317398290430582047, -218.344057,-69.389064,-0.712460
1317398290534796953, -217.548642,-70.085971,-0.720131
1317398290639002085, -216.674397,-70.863796,-0.728771
1317398290743201971, -215.893755,-71.572569,-0.737133
1317398290847383976, -215.120526,-72.287317,-0.745740
1317398290951564074, -214.272654,-73.084122,-0.755503
1317398291159912109, -213.516325,-73.811065,-0.765160
1317398291264013052, -212.688813,-74.620909,-0.775496
1317398291368072033, -211.078453,-76.215008,-0.792624
1317398291472161055, -210.366271,-76.954036,-0.798744
1317398291680320978, -209.660209,-77.695273,-0.802297
1317398291784380913, -208.882175,-78.515483,-0.804432
1317398291888443947, -207.351165,-80.120611,-0.807984
1317398291992528915, -206.668859,-80.848931,-0.809094
1317398292096625090, -205.989582,-81.575195,-0.809571
1317398292200684071, -205.238183,-82.377485,-0.809460
1317398292408852100, -204.563374,-83.098957,-0.808898
1317398292512913942, -203.818114,-83.893298,-0.808234
1317398292616988897, -202.416073,-85.374034,-0.807333
1317398292721044064, -201.686187,-86.149873,-0.806117
1317398292825103045, -201.030692,-86.846388,-0.804637
1317398293033149958, -200.309103,-87.609673,-0.802895
1317398293137151003, -199.662256,-88.293004,-0.800896
1317398293241138935, -198.247727,-89.765388,-0.797956
1317398293345129967, -197.639657,-90.402074,-0.792410
1317398293449125051, -196.976651,-91.087001,-0.784646
1317398293657141924, -196.394809,-91.679651,-0.776482
1317398293865243912, -195.824902,-92.250402,-0.766618
1317398293969331980, -194.584115,-93.455388,-0.747521
1317398294073419094, -193.403367,-94.557344,-0.729952
1317398294177537918, -192.910216,-95.003979,-0.719461
1317398294385786057, -192.373981,-95.478427,-0.708475
1317398294489891052, -191.908849,-95.880922,-0.698527
1317398294593976021, -190.366531,-97.179181,-0.676227
1317398294698044062, -190.457667,-97.106449,-0.672069
1317398294906116009, -189.987907,-97.480788,-0.660283
1317398295010154963, -189.579122,-97.797850,-0.648070
1317398295114192009, -188.653374,-98.497219,-0.621656
1317398295322309971, -188.216686,-98.805519,-0.603735
1317398295426318884, -187.828568,-99.066836,-0.586391
1317398295530328989, -186.944382,-99.646094,-0.553345
1317398295738301039, -186.572687,-99.863911,-0.534225
1317398295842292070, -186.161994,-100.093311,-0.512510
1317398295946281910, -185.377950,-100.518946,-0.469690
1317398296154393911, -184.997716,-100.692371,-0.441111
1317398296258516073, -184.670001,-100.825401,-0.413397
1317398296466782093, -183.949492,-101.118267,-0.355935
1317398296675087929, -183.668500,-101.195439,-0.328685
1317398296779175043, -183.042562,-101.380637,-0.278631
1317398296987365961, -182.436595,-101.523251,-0.229245
1317398297195596933, -182.183698,-101.549351,-0.201983
1317398297299735069, -181.581252,-101.639765,-0.143812
1317398297507951975, -180.671704,-101.736610,-0.056769
1317398297612062931, -180.731665,-101.695205,-0.055835
1317398297820322037, -180.119181,-101.694201,0.002781
1317398297924444914, -179.807363,-101.657566,0.034137
1317398298132666111, -179.131628,-101.599909,0.095889
1317398298236753941, -178.816952,-101.534786,0.124545
1317398298445008039, -178.068679,-101.407773,0.186866
1317398298549109936, -177.717250,-101.308135,0.215477
1317398298757394075, -176.895815,-101.096983,0.277946
1317398298965754986, -176.505349,-100.954914,0.305940
1317398299069988012, -175.603245,-100.641665,0.365818
1317398299278453112, -174.638503,-100.245110,0.420145
1317398299486876011, -174.124156,-99.989828,0.443981
1317398299695230961, -173.114412,-99.486475,0.483524
1317398299903570890, -171.994666,-98.877161,0.526351
1317398300111871004, -170.215666,-97.823413,0.598151
1317398300216047049, -169.591167,-97.377796,0.621843
1317398300424544096, -168.341436,-96.464375,0.675052
1317398300633157015, -167.763990,-95.985302,0.697921
1317398300737469912, -166.492360,-94.904850,0.750094
1317398300946276903, -165.216593,-93.704252,0.792133
1317398301050692081, -164.625782,-93.096199,0.805380
1317398301259553909, -163.331461,-91.744321,0.830604
1317398301468381882, -162.659217,-91.007124,0.835736
1317398301677032948, -161.391011,-89.607296,0.840040
1317398301781341076, -160.025795,-88.090381,0.834401
1317398302094201088, -158.618643,-86.547372,0.826745
1317398302302725077, -157.868601,-85.744453,0.820229
1317398302511253119, -155.636823,-83.364942,0.810866
1317398302615499020, -154.077207,-81.738444,0.801559
1317398302823959112, -152.464792,-80.088443,0.791084
1317398303032407045, -151.693596,-79.324502,0.783614
1317398303240755081, -149.997193,-77.650189,0.770324
1317398303448995113, -148.251992,-75.972915,0.754967
1317398303657273054, -146.459660,-74.302381,0.740085
1317398303865470886, -144.719276,-72.728294,0.725892
1317398304073596954, -142.861407,-71.093868,0.710203
1317398304281624079, -140.976802,-69.487032,0.692995
1317398304489589930, -139.063850,-67.911476,0.676991
1317398304593523979, -137.137244,-66.374978,0.663851
1317398304801522017, -135.202658,-64.872058,0.655680
1317398305009568930, -134.324020,-64.204758,0.654994
1317398305217602968, -132.387858,-62.723491,0.654433
1317398305425668955, -130.454420,-61.243792,0.654055
1317398305633719921, -128.621384,-59.840306,0.652852
1317398305841814041, -126.690339,-58.363780,0.653737
1317398306049884081, -124.757721,-56.881749,0.653047
1317398306257941961, -122.822580,-55.398797,0.652707
1317398306466080904, -120.893586,-53.920557,0.652075
1317398306674179077, -119.070597,-52.524463,0.651839
1317398306882288933, -117.153848,-51.056888,0.650989
1317398306986340046, -115.249734,-49.601190,0.651202
1317398307194470882, -113.360952,-48.156280,0.654750
1317398307298556089, -112.529423,-47.511582,0.656469
1317398307506789923, -110.662334,-46.066602,0.659408
1317398307715157986, -109.839468,-45.421999,0.660358
1317398307923573971, -107.994568,-43.982848,0.659109
1317398308131967068, -105.231866,-41.837318,0.641234
1317398308340318918, -104.320677,-41.155350,0.630801
1317398308444438934, -102.463373,-39.798595,0.608275
1317398308652587891, -100.578838,-38.488890,0.585262
1317398308860753059, -99.726597,-37.928983,0.575112
1317398308964900017, -97.805170,-36.687986,0.560706
1317398309173077106, -95.868838,-35.476787,0.551249
1317398309277164936, -95.001904,-34.947866,0.545876
1317398309485285044, -93.057587,-33.769793,0.536102
1317398309589381933, -92.183977,-33.253413,0.532363
1317398309797616959, -89.224743,-31.511775,0.528024
1317398309901791096, -89.330878,-31.574683,0.527821
1317398310005961895, -87.355226,-30.423190,0.523050
1317398310214320898, -86.367066,-29.853790,0.517714
1317398310318538904, -85.470776,-29.343957,0.512130
1317398310526909113, -83.475683,-28.223222,0.499016
1317398310631127119, -82.566344,-27.729420,0.491685
1317398310839473963, -80.543390,-26.647970,0.474811
1317398311047784090, -79.518714,-26.124340,0.465450
1317398311151937008, -77.570124,-25.148685,0.448789
1317398311360183001, -75.502901,-24.156983,0.433583
1317398311464279890, -74.462410,-23.679599,0.426654
1317398311672430992, -72.373494,-22.733657,0.413844
1317398311776499033, -71.427081,-22.321772,0.410327
1317398311984647036, -69.331901,-21.413132,0.405779
1317398312088711977, -68.389230,-21.010203,0.404051
1317398312192775011, -66.297776,-20.117087,0.398786
1317398312400923014, -65.358473,-19.722037,0.396558
1317398312504981041, -64.316691,-19.285800,0.393926
1317398312713067055, -62.235456,-18.420165,0.389215
1317398312817065954, -60.258429,-17.608514,0.385962
1317398313025115013, -59.220235,-17.185573,0.384655
1317398313129101992, -58.284469,-16.805304,0.383546
1317398313337116003, -55.171952,-15.547541,0.378643
1317398313441127062, -55.270800,-15.585350,0.379249
1317398313649142027, -53.201617,-14.758720,0.376347
1317398313857150078, -52.167402,-14.347981,0.375298
1317398314065149069, -50.213847,-13.576076,0.371850
1317398314273221970, -48.170428,-12.777023,0.368330
1317398314481286049, -46.142548,-11.992506,0.364304
1317398314585300922, -44.131530,-11.224067,0.359941
1317398314793332100, -42.132274,-10.470470,0.353611
1317398315001380920, -41.245323,-10.142529,0.350683
1317398315105421066, -39.255837,-9.414352,0.344877
1317398315313512087, -37.282486,-8.705610,0.340497
1317398315521611929, -36.411636,-8.397576,0.338599
1317398315625662088, -34.456123,-7.709377,0.334174
1317398315833717108, -32.515211,-7.036363,0.330172
1317398315937760115, -31.666508,-6.746733,0.328417
1317398316145796061, -29.752956,-6.095947,0.324511
1317398316249834061, -28.923959,-5.818689,0.323190
1317398316457952976, -27.056993,-5.195021,0.320815
1317398316562000036, -26.166805,-4.901157,0.319830
1317398316770113945, -24.466679,-4.340149,0.317600
1317398316978243113, -23.613369,-4.062171,0.316676
1317398317082308054, -21.890056,-3.500255,0.315141
1317398317290477037, -20.301901,-2.985722,0.313622
1317398317498673916, -19.520834,-2.736088,0.312714
1317398317706906080, -17.947172,-2.231357,0.311168
1317398317915138960, -16.527424,-1.779408,0.309846
1317398318123465061, -15.106499,-1.329764,0.309566
1317398318331796885, -13.763362,-0.905965,0.312390
1317398318436005116, -12.492772,-0.501363,0.315938
1317398318644432068, -11.295669,-0.115728,0.317962
1317398318852868080, -10.839300,0.028528,0.318651
1317398318957072973, -9.732052,0.387367,0.316506
1317398319165486097, -8.692386,0.720653,0.314517
1317398319373850107, -8.313897,0.835827,0.315154
1317398319582217932, -7.384578,1.130735,0.313810
1317398319790537119, -6.544636,1.394879,0.312610
1317398319998755932, -5.801667,1.626251,0.313212
1317398320102842093, -5.151497,1.828185,0.315462
1317398320310946941, -4.616971,1.994324,0.321159
1317398320518997908, -4.426885,2.050080,0.328343
1317398320726978064, -3.940798,2.209033,0.343799
1317398320935028076, -3.522794,2.354282,0.366818
1317398321143354893, -3.101372,2.515091,0.398042
1317398321456116915, -2.433344,2.799380,0.453088
1317398321664674997, -2.333320,2.860919,0.468814
1317398321873229980, -1.926932,3.080866,0.492176
1317398322081763983, -1.871706,3.127566,0.499251
1317398322290271044, -1.915382,3.120452,0.501944
1317398322498733044, -1.963492,3.109534,0.504887
1317398322707242012, -2.001072,3.103148,0.507529
1317398322915729046, -2.037422,3.096290,0.509761
1317398323019959927, -2.067876,3.091603,0.512611
1317398323228466988, -2.093379,3.088843,0.515304
1317398323436924934, -2.172328,3.055015,0.517753
1317398323749643087, -2.198854,3.050133,0.520332
1317398323853876114, -2.218626,3.048503,0.522898
1317398324062316895, -2.176234,3.082213,0.525359
1317398324270751953, -2.252261,3.047033,0.527812
1317398324479238987, -2.266786,3.047153,0.530398
1317398324791928053, -2.280319,3.047603,0.532838
1317398325000341892, -2.298365,3.045189,0.535256
1317398325208754063, -2.250036,3.081974,0.537634
1317398325521373987, -2.260002,3.084149,0.539998
1317398325833972931, -2.274251,3.083799,0.542520
1317398326042385101, -2.222090,3.123591,0.544808
1317398326355029106, -2.173557,3.161539,0.547210
1317398326667627096, -2.177042,3.168273,0.549673
1317398326876063108, -2.070082,3.243039,0.551833
1317398327084476948, -2.068271,3.253832,0.554176
1317398327292937040, -2.063466,3.267061,0.556609
1317398327605534077, -2.055286,3.283099,0.558918
1317398327813899040, -2.043952,3.301872,0.561206
1317398328022288084, -1.975666,3.357340,0.563542
1317398328230653048, -1.956901,3.382720,0.565892
1317398328543227911, -1.933880,3.411947,0.568251
1317398328751616955, -1.905412,3.445931,0.570778
1317398328960005045, -1.802679,3.529028,0.574282
1317398329272412062, -1.741450,3.587354,0.578065
1317398329480561972, -1.666619,3.656638,0.582546
1317398329792459011, -1.474690,3.805620,0.593946
1317398330000271082, -1.286603,3.958038,0.611914
1317398330207942963, -0.843192,4.298207,0.658135
1317398330415635109, -0.475394,4.617608,0.707201
1317398330727080107, -0.074001,5.002061,0.765998
1317398331038572073, 0.390504,5.497186,0.839149
1317398331246387005, 1.146020,6.394372,0.962962
1317398331454341888, 1.880658,7.520095,1.104959
1317398331662470102, 2.292413,8.431477,1.203635
1317398331870788097, 2.648126,9.468502,1.300479
1317398332079272985, 2.929169,10.624408,1.394748
1317398332287777901, 3.121396,11.902475,1.483125
1317398332496289968, 3.207029,13.228972,1.554524
1317398332704824924, 3.204354,14.717327,1.622301
1317398332913430929, 3.099885,16.298708,1.687382
1317398333122133017, 2.787433,18.803592,1.773625
1317398333330979109, 2.586543,19.703439,1.794720
1317398333435400009, 2.163649,21.516210,1.831834
1317398333644294024, 1.656030,23.395252,1.853618
1317398333853090048, 1.393243,24.296030,1.854750
1317398334061769962, 0.812039,26.300260,1.858522
1317398334270302057, 0.203282,28.381529,1.853630
1317398334478785038, -0.417825,30.553226,1.847483
1317398334687225103, -1.043618,32.799199,1.842633
1317398334999820948, -1.639667,34.985277,1.839105
1317398335312320948, -2.260922,37.295740,1.836980
1317398335520639896, -3.214798,40.845146,1.837905
1317398335728956938, -4.134236,44.253401,1.839112
1317398335937273979, -4.743941,46.515795,1.838136
1317398336145543098, -5.316343,48.648191,1.836625
1317398336353812933, -5.911950,50.875738,1.833704
1317398336666168928, -6.497704,53.090155,1.831443
1317398336874439955, -7.075896,55.293443,1.829989
1317398337082731009, -7.941208,58.587952,1.828579
1317398337291002035, -8.505031,60.753543,1.827653
1317398337603382111, -9.065810,62.911564,1.826441
1317398337811650991, -9.621075,65.055882,1.824382
1317398338019896030, -10.448941,68.267318,1.825001
1317398338228190899, -10.993707,70.376704,1.826048
1317398338540666103, -11.538497,72.473098,1.827150
1317398338748960972, -12.055854,74.451911,1.828559
1317398339061363935, -12.908411,77.688376,1.830319
1317398339269632101, -13.424361,79.631756,1.831276
1317398339582108021, -14.274461,82.819959,1.832736
1317398339894536972, -14.815734,84.836583,1.833595
1317398340207012892, -15.634007,87.875380,1.830536
1317398340415340900, -16.708804,91.918975,1.826200
1317398340727901936, -17.223756,93.893169,1.822822
1317398340936218977, -17.729461,95.861005,1.819800
1317398341248648882, -18.484187,98.834343,1.811741
1317398341561124086, -18.961704,100.786726,1.805004
1317398341873528957, -19.659016,103.720427,1.801298
1317398342081824064, -20.373291,106.775060,1.801051
1317398342394371033, -21.075191,109.778263,1.803901
1317398342706944942, -21.554657,111.802525,1.807943
1317398343019418001, -22.571234,116.009029,1.813496
1317398343331823111, -23.094017,118.116767,1.815179
1317398343540117979, -23.934775,121.483245,1.817858
1317398343852497101, -24.769019,124.784781,1.822352
1317398344060790062, -25.337019,126.986875,1.826104
1317398344373217106, -26.206151,130.308151,1.831566
1317398344581511974, -26.790441,132.487447,1.835047
1317398344893845081, -27.679686,135.763905,1.836207
1317398345102088928, -28.266010,137.912453,1.836627
1317398345414591074, -29.148318,141.146573,1.840900
1317398345727137089, -29.733497,143.252990,1.843046
1317398346039638042, -30.909047,147.457236,1.838949
1317398346247980118, -31.463250,149.471726,1.835534
1317398346560528040, -32.311419,152.600872,1.830559
1317398346768918991, -32.804054,154.458476,1.827438
1317398347081443071, -33.605161,157.515802,1.821813
1317398347289690018, -34.098116,159.445231,1.817935
1317398347602138996, -34.836742,162.381461,1.815501
1317398347810457945, -35.319237,164.323314,1.816707
1317398348122927904, -36.065424,167.303850,1.823284
1317398348435482025, -36.576976,169.288563,1.826742
1317398348747982979, -37.376324,172.342497,1.831392
1317398348956300020, -38.201346,175.432802,1.835021
1317398349164665937, -39.054241,178.579523,1.831591
1317398349372983932, -39.615678,180.680688,1.831505
1317398349685408115, -40.482081,183.926532,1.829391
1317398349893738985, -40.758781,184.972303,1.828736
1317398350101973057, -41.619687,188.235182,1.826669
1317398350310241938, -42.179607,190.376536,1.825677
1317398350622648954, -42.734735,192.508906,1.823457
1317398350935050964, -43.282089,194.631985,1.823241
1317398351143367052, -44.102925,197.817387,1.824230
1317398351455796003, -44.904794,200.915898,1.822430
1317398351664089918, -45.407340,202.874229,1.819942
1317398351872456074, -46.131958,205.727307,1.816784
1317398352080842972, -46.586129,207.543130,1.817409
1317398352289256096, -47.037568,209.342127,1.817844
1317398352497694016, -47.489237,211.137725,1.817034
1317398352706134081, -47.936506,212.921581,1.815054
1317398352914546967, -48.357015,214.612865,1.812526
1317398353226999998, -48.795626,216.395742,1.809188
1317398353435244083, -49.454863,219.111288,1.804704
1317398353643491983, -49.882416,220.907911,1.806424
1317398353747649908, -50.317347,222.718177,1.816527
1317398353956062078, -50.778283,224.548952,1.833301
1317398354164645910, -51.000510,225.361834,1.841603
1317398354268971920, -51.524966,227.236431,1.855667
1317398354477601051, -52.086749,229.139381,1.863233
1317398354686182976, -52.379564,230.098527,1.861327
1317398354998946905, -52.943068,231.974088,1.855654
1317398355207431078, -53.535731,233.993181,1.851425
1317398355415894032, -54.463088,237.208774,1.846913
1317398355624283075, -55.034899,239.227860,1.844715
1317398355832673073, -55.644004,241.397719,1.842455
1317398356041013002, -56.575296,244.744005,1.841363
1317398356249380112, -56.887011,245.871022,1.840659
1317398356353563070, -57.516367,248.149317,1.839672
1317398356561927080, -58.139233,250.412628,1.838839
1317398356770267010, -58.416520,251.424772,1.838829
1317398356978585005, -59.034956,253.678585,1.838406
1317398357186923027, -59.648742,255.918656,1.837723
1317398357395267963, -60.228218,258.038428,1.837026
1317398357603586912, -60.832882,260.255774,1.836289
1317398357811855078, -61.428747,262.446932,1.835358
1317398357915988922, -62.013523,264.604577,1.835015
1317398358124236107, -62.586121,266.719058,1.837158
1317398358332432032, -62.836952,267.634028,1.838228
1317398358540678978, -63.677212,270.695184,1.842018
1317398358644814968, -63.947892,271.660971,1.843450
1317398358957266092, -64.487889,273.583836,1.845684
1317398359061425924, -64.722912,274.407995,1.846190
1317398359269810915, -65.504863,277.166127,1.847615
1317398359374042034, -65.759957,278.054536,1.847715
1317398359478272915, -66.276434,279.862625,1.847238
1317398359686686039, -66.765070,281.576610,1.843495
1317398359790894032, -66.736324,281.467441,1.842865
1317398359999308109, -67.243042,283.278233,1.838061
1317398360207721949, -67.491203,284.181549,1.834834
1317398360311928034, -67.985062,286.007085,1.828292
1317398360520292997, -68.443190,287.748053,1.821606
1317398360728708982, -68.679065,288.672417,1.817508
1317398360832914114, -69.148956,290.542950,1.810377
1317398361041327953, -69.587971,292.347087,1.803110
1317398361249742031, -69.814533,293.313993,1.798588
1317398361353946924, -70.267204,295.276813,1.790299
1317398361562362909, -70.711952,297.282487,1.781610
1317398361666569948, -71.125152,299.227662,1.774409
1317398361874933004, -71.338514,300.276334,1.769671
1317398362083344936, -71.528925,301.236421,1.765521
1317398362291735888, -71.946440,303.368303,1.756666
1317398362500127077, -72.349028,305.526544,1.748413
1317398362604309082, -72.737391,307.709202,1.740158
1317398362708554983, -73.112439,309.923836,1.731842
1317398362916835070, -73.456421,312.064755,1.724197
1317398363020992041, -73.439410,311.979088,1.724748
1317398363229260921, -73.792438,314.272134,1.718275
1317398363333395958, -73.964099,315.445235,1.716864
1317398363541667938, -74.306173,317.784700,1.715666
1317398363645776987, -74.462275,318.865788,1.715624
1317398363749886990, -74.809541,321.254048,1.715212
1317398363853996992, -74.968661,322.352217,1.716157
1317398364062195063, -75.147832,323.576784,1.717418
1317398364166282892, -75.490580,325.895241,1.719216
1317398364270369053, -75.676927,327.135842,1.720264
1317398364374458075, -75.846700,328.255037,1.721790
1317398364478542089, -76.036927,329.494716,1.723845
1317398364582628012, -76.395422,331.806495,1.725982
1317398364790826082, -76.388371,331.747903,1.726740
1317398364894912004, -76.588011,333.004058,1.728582
1317398365103136063, -76.975789,335.427353,1.731976
1317398365207248926, -77.160375,336.548655,1.733607
1317398365415442944, -77.557303,338.951727,1.736709
1317398365519529104, -77.744738,340.057831,1.738425
1317398365623675108, -78.149079,342.434495,1.742339
1317398365727808952, -78.360848,343.644154,1.745158
1317398365936068058, -78.556319,344.741301,1.747721
1317398366040203094, -78.755042,345.841159,1.749925
1317398366144339085, -79.181619,348.186176,1.752830
1317398366352607965, -79.405242,349.391305,1.753639
1317398366456722021, -79.815642,351.602588,1.755161
1317398366560832977, -80.041578,352.808321,1.756262
1317398366664938927, -80.249021,353.910960,1.756807
