stamp position.x position.y position.z orientation.x orientation.y orientation.z orientation.w
1.31737922555781E+018 0 0 0 0 0 0
1.31737922566174E+018 0.085858562014998 -9.25184323115258E-05 -0.002727345541765 -0.000225276927355 6.88898028615282E-05 0.003084877911596
1.31737922576568E+018 0.179748041371106 0.009544761165539 -0.001658777583248 -0.000539792565036 5.52278411340147E-05 0.006574315545877
1.31737922586962E+018 0.277774659238501 0.018019774737841 0.001936341768552 -0.000590344307997 -0.00013398616925 0.010448367625618
1.31737922597351E+018 0.39423938994812 0.024458571689564 0.003595296231241 -0.000880022370051 -0.000783148147062 0.015002373542607
1.31737922607736E+018 0.515135541660726 0.042062878277122 0.000413331269648 -0.00074729092868 -0.001533592920183 0.020781723490001
1.31737922618118E+018 0.648464869286941 0.058251708353776 0.002625320081508 -0.000760504590755 -0.002049701294818 0.027706243323352
1.31737922628498E+018 0.793882809658377 0.07795961097511 0.000283769366519 -0.000653891050961 -0.002173146584533 0.035774209512177
1.31737922638874E+018 0.954541458213019 0.102108596797236 -0.0014135207992 -0.000157396353702 -0.002244851033302 0.045115082048871
1.31737922649246E+018 1.12375335348481 0.128436973005957 0.002332175380885 0.000479742669298 -0.002376641825665 0.055165414698176
1.31737922659621E+018 1.29754623400327 0.168554113837599 0.007980221500778 0.000347696447502 -0.002675403582587 0.066420391248701
1.31737922669996E+018 1.47939608271251 0.216496390059814 0.023517573913182 -0.001084984149315 -0.003264294448999 0.078520098100752
1.31737922680369E+018 1.66849104891022 0.278838282104246 0.030132886445959 -0.00295541029787 -0.004338389804013 0.091397701043338
1.31737922690742E+018 1.86249884951512 0.348312620512716 0.031583017270411 -0.004507772643408 -0.005188952657181 0.105152596765845
1.31737922701114E+018 2.06140917764891 0.419424172375094 0.030930961047519 -0.004729814204936 -0.005608728658986 0.120212225734487
1.31737922711485E+018 2.25880609528175 0.507543128220215 0.037754362007138 -0.005675681813409 -0.00578876196937 0.135960936236507
1.31737922721853E+018 2.46281182727336 0.606993165562107 0.036046537688951 -0.006344398909878 -0.005816240988648 0.152400156979794
1.3173792273222E+018 2.67404670702268 0.712443694831598 0.044567162455971 -0.007587626241701 -0.005737076883426 0.169878869167
1.31737922742588E+018 2.86924007380407 0.821965418827413 0.04991288180226 -0.008758716338916 -0.006047749795932 0.18740294731977
1.31737922752958E+018 3.07381307436079 0.950867721035728 0.04933168682368 -0.010055129200475 -0.006209093263866 0.20503848781272
1.31737922763329E+018 3.27568183244046 1.08079617434494 0.043050121893487 -0.010290233728803 -0.006601140525766 0.223797108430445
1.31737922773697E+018 3.48285436150711 1.22068638996492 0.032324957467884 -0.008214704301798 -0.006947720440816 0.2436120837708
1.31737922784064E+018 3.69021517693416 1.37366374654695 0.040764710921143 -0.006321582630092 -0.007011871201845 0.264561841401259
1.3173792279443E+018 3.89440516636551 1.54765942019877 0.057232350080957 -0.007272291348423 -0.006116306263585 0.287048222437675
1.3173792280479E+018 4.08056244117782 1.74356915224143 0.065388782076354 -0.009898559169619 -0.005359571099919 0.311194778983536
1.31737922815151E+018 4.271134565848 1.94671119973669 0.072008939496861 -0.011111410831412 -0.005428900416872 0.336288041696965
1.31737922825514E+018 4.45421396627132 2.15840334475556 0.062508726759236 -0.010638241072375 -0.00584888931402 0.362109801620362
1.31737922835878E+018 4.64134417105045 2.3883466449558 0.056656142339439 -0.008566429343317 -0.005358141088488 0.38862713043265
1.31737922846243E+018 4.8116041692044 2.62382000707686 0.063163237211892 -0.006518786077669 -0.004494944666289 0.415245136107748
1.31737922856611E+018 4.97624097518928 2.8773794348175 0.068702394644785 -0.005926903288202 -0.003665654777258 0.4415072617404
1.31737922866981E+018 5.14126203445243 3.16264822713538 0.071255997771158 -0.005675280890151 -0.002507735015407 0.468112971286124
1.31737922877354E+018 5.2709616351679 3.45549475020418 0.08018245299438 -0.005450921336549 -0.001686037416401 0.49474518267282
1.31737922887724E+018 5.40265993929793 3.77138375639846 0.078643143141814 -0.00572721631141 -0.001099899431963 0.520987919342471
1.31737922898094E+018 5.51439231805741 4.11188510838185 0.080269947917681 -0.006073152446666 -6.87872917978705E-05 0.546750507412322
1.31737922908469E+018 5.60388815543316 4.45360365088322 0.08433131682244 -0.006790651299251 0.000466068439108 0.57171009996291
1.31737922918847E+018 5.68731203088424 4.81962649291279 0.081278439646823 -0.007394377838976 0.001757273338482 0.595525926269953
1.31737922929227E+018 5.73484826544707 5.18830325816708 0.077980057387507 -0.006729157385367 0.003767512166535 0.617883424375348
1.31737922939611E+018 5.78174624230095 5.56901013535976 0.087306481240284 -0.00629491965224 0.004654890975723 0.638315469637676
1.31737922950002E+018 5.80065145991427 5.96264690270059 0.092549508151915 -0.00710596119057 0.004107781164341 0.656646719848688
1.31737922960401E+018 5.79912633471653 6.37917312438664 0.077178413753411 -0.007918204226132 0.003197400635068 0.672787058503281
1.31737922970809E+018 5.79613101574558 6.79868055610887 0.064648023376105 -0.007875407601289 0.001936611083358 0.686663032794662
1.3173792298122E+018 5.78822689205896 7.25376079706031 0.056590057569599 -0.006903798752095 0.001112543981702 0.699195266366583
1.31737922991634E+018 5.76197670759647 7.72549925444099 0.059053236050215 -0.00621479261104 0.000234454237958 0.710287262786599
1.31737923002054E+018 5.72144006773681 8.19447793373322 0.05786407759608 -0.005844503125126 -0.000685924070645 0.719636781252618
1.31737923012481E+018 5.670577356078 8.69453161628588 0.05446544221787 -0.005382549149911 -0.001698141277485 0.726821159597602
1.31737923022912E+018 5.61434534552283 9.2203004796675 0.043279923169624 -0.005142857653698 -0.002077446134047 0.732370331020441
1.31737923033344E+018 5.55150232653077 9.77713262406474 0.046193588172273 -0.005267147286883 -0.001860075665989 0.736668077681247
1.3173792304378E+018 5.47845086106983 10.3263286958273 0.046754476222456 -0.006547117386572 -0.002242270535467 0.739730628062801
1.31737923054215E+018 5.40498844463458 10.904246084073 0.049294758649053 -0.007195138389257 -0.002256856266891 0.742057326772644
1.3173792306465E+018 5.33219949767125 11.5002772270104 0.047369775365217 -0.00703204050689 -0.001364766680884 0.743399150462543
1.31737923075082E+018 5.25201624892382 12.1045070909215 0.048168503384051 -0.00661584523163 -0.000564844779421 0.743661215577639
1.31737923085513E+018 5.18436256254839 12.7494755810242 0.045464567843207 -0.007177773217916 0.000108337137469 0.743309610019914
1.31737923095943E+018 5.10057403963456 13.3891975887947 0.044492613733348 -0.008142623350939 0.000923991269293 0.742635503578296
1.31737923106373E+018 5.02926280481771 14.0345125203274 0.043943419164331 -0.008158606885302 0.000767625476145 0.742154953402136
1.31737923116799E+018 4.95955161353996 14.7077380688017 0.047543423095816 -0.007933403789375 -0.000316958733857 0.741582860351883
1.31737923127222E+018 4.89061593659827 15.4011331983564 0.038438495757105 -0.008497679869381 -0.001052331588739 0.741087367152587
1.31737923137642E+018 4.8182350642678 16.1053228640482 0.034820264404224 -0.009684739334092 -0.000254659897297 0.740554498502607
1.31737923148058E+018 4.74363212554701 16.8318019008631 0.030655573800156 -0.011220681101989 0.000694702139674 0.739847252866904
1.31737923158474E+018 4.66306262452538 17.5723313019945 0.021785492650583 -0.012657550873685 0.000618598575578 0.739259539693909
1.3173792316889E+018 4.58901514778028 18.3208099967873 0.015105680996675 -0.012114929527432 0.000831806441809 0.738664977803321
1.31737923179304E+018 4.51557014218356 19.0705562138376 0.016323692309981 -0.011639922171832 -0.000359694268011 0.738093863734666
1.31737923189715E+018 4.44420153578251 19.8400184491786 0.003319910237691 -0.012624812465622 -0.001633578699173 0.737644513892843
1.31737923200124E+018 4.36990051317989 20.6351463459253 -0.011435064805605 -0.012389584503614 -0.000270965527468 0.737132350756275
1.3173792321053E+018 4.30208889511433 21.4326589187322 -0.020164429622038 -0.01288032655123 0.00092828755594 0.736776384369017
1.31737923220936E+018 4.22823385079738 22.2298991515095 -0.031571350607375 -0.012234351178911 0.002378130363283 0.736381976790451
1.3173792323134E+018 4.16133838443684 23.0350878218041 -0.040701738452149 -0.009415198872506 0.001970350325885 0.736230111715337
1.31737923241741E+018 4.09168180461947 23.8475435296885 -0.046872453637086 -0.006641594461449 -5.25270872275363E-05 0.736137516161874
1.31737923252143E+018 4.0248402622057 24.6675134452323 -0.045588244928468 -0.004865471119683 -0.001180475640001 0.736249310617143
1.31737923262542E+018 3.94982316166317 25.5039829505394 -0.035652664836876 -0.006099572539871 -0.001369678870755 0.736403572913434
1.31737923272941E+018 3.8754258248745 26.3536900601085 -0.038660025944624 -0.009244717481544 0.000728478934895 0.736375172654621
1.3173792328334E+018 3.78870281225245 27.2064338860692 -0.043766928770202 -0.012067539154565 0.002848815070771 0.736472344564282
1.31737923293737E+018 3.7114097351943 28.0599326771622 -0.058528424451545 -0.014293094033343 0.004230220032614 0.736666505873056
1.31737923304133E+018 3.62863436600889 28.9032575217679 -0.072713139725702 -0.014218794388503 0.004514550756292 0.736852571673966
1.3173792331453E+018 3.55241062513302 29.7416145284587 -0.078567906393886 -0.013026826473421 0.003236684687244 0.736916793988389
1.31737923324927E+018 3.47888860123824 30.5780490719035 -0.081602730762516 -0.012642094398801 0.002043426217852 0.737091391210444
1.31737923335321E+018 3.39428756531779 31.4158843235341 -0.095686993955857 -0.014437562055176 0.001272463495846 0.73710334741169
1.31737923345715E+018 3.31250010345596 32.2607430478943 -0.107231548120827 -0.015106519932845 0.001729654756851 0.737094573735021
1.31737923356112E+018 3.23724838967071 33.0863028394007 -0.113456021561791 -0.014420468605739 0.001345483897065 0.737071635271149
1.31737923366509E+018 3.15787427544755 33.9070013856666 -0.120033180910969 -0.012173540226855 0.000262050264143 0.737005775872321
1.31737923376905E+018 3.07949424101561 34.7379873111444 -0.118379915671958 -0.011784770886092 -0.001936249096971 0.736908487695143
1.31737923387304E+018 3.00102024215973 35.5659214247629 -0.124402015407074 -0.012672801140876 -0.002128689084753 0.736723870866967
1.31737923397703E+018 2.92665032319537 36.4098982347797 -0.119498011658637 -0.012914762991656 -0.000640875677992 0.736438577915184
1.317379234081E+018 2.84908900593353 37.250822097555 -0.127288285069534 -0.014957527566334 0.00087812770933 0.736307806697445
1.31737923418494E+018 2.77642388157568 38.0799301030664 -0.142834439838186 -0.016272630060823 0.003200298954462 0.736177468404692
1.31737923428889E+018 2.70570876342309 38.9228235554539 -0.151046512833318 -0.017838079757666 0.004046008710274 0.736156192918337
1.31737923439285E+018 2.6314677619406 39.757924502387 -0.165031201505296 -0.016794561716571 0.004626962586935 0.736061452628106
1.31737923449682E+018 2.55911468855092 40.5694443940444 -0.173318670059954 -0.015220003308391 0.003528807612021 0.736027297762738
1.31737923460081E+018 2.48644405156312 41.3942821892376 -0.180752507005205 -0.014068541245416 0.001842152163802 0.735946465454296
1.3173792347048E+018 2.41309135417887 42.2356029141579 -0.181848165061811 -0.014365768053234 -0.000225906780388 0.735899516300268
1.31737923480874E+018 2.32991311706146 43.0615644056085 -0.1971947422547 -0.014726960979803 -0.001864162464946 0.735976443860878
1.31737923491269E+018 2.25714714867146 43.8799342716406 -0.203916569168352 -0.012758072436143 -0.001373561450605 0.736260420939472
1.31737923501663E+018 2.18647257342202 44.6996361158455 -0.203103705074441 -0.010363937375162 -0.001597665036763 0.736671382478253
1.31737923512057E+018 2.11878445198169 45.5184229138236 -0.196455850523952 -0.008921447832524 -0.000892083398824 0.736914110809937
1.31737923522451E+018 2.05022973456193 46.352030284094 -0.198400953824708 -0.010328923980883 4.28763902521842E-05 0.737577517596142
1.31737923532846E+018 1.9773653489278 47.1648356691901 -0.207872962225069 -0.012072270438728 0.002300779878596 0.738163420060052
1.3173792354324E+018 1.90553217457365 47.9905282980203 -0.218016385679121 -0.012475894644683 0.00425639451831 0.738845395196498
1.31737923553632E+018 1.82548879385489 48.8054495320011 -0.218285764690604 -0.012201787509747 0.004064701631383 0.739364060036128
1.31737923564024E+018 1.74121383583381 49.6228734589184 -0.217462707906844 -0.011850778673841 0.00201243390599 0.739673179374789
1.31737923574418E+018 1.64992537333226 50.4199870326172 -0.22085228732168 -0.012154896271539 -0.000712298155669 0.740064184194953
1.31737923584821E+018 1.55766768604899 51.2233780058331 -0.22117664822837 -0.01285774441623 -0.002081198912949 0.740485930373531
1.31737923595212E+018 1.47467611048916 52.0238759264412 -0.222874126083571 -0.013351399211542 -0.001905841909104 0.7407985625722
1.31737923605596E+018 1.39428873974191 52.808928690883 -0.230422223176677 -0.013922488212322 -0.001530792377175 0.741099526236811
